1350
236466
419240
424222
50642
675402
8480
1056122
1148326
1194480
1306503
1367246
1392338
1529497
1639147
1792222
1833215
2058114
2268144
2334292
1 0
starting to search for 350
2 1
3 2
4 3
5 4
6 5
7 6
8 7
9 8
10 9
11 10
12 11
13 12
14 13
15 14
16 15
17 16
18 17
19 18
20 19
21 20
22 21
23 22
24 23
25 24
26 25
27 26
28 27
29 28
30 29
31 30
32 31
33 32
34 33
35 34
36 35
37 36
38 37
39 38
40 39
41 40
42 41
43 42
44 43
45 44
46 45
47 46
48 47
49 48
50 49
51 50
52 51
53 52
54 53
55 54
56 55
57 56
58 57
59 58
60 59
61 60
62 61
63 62
64 63
65 64
66 65
67 66
68 67
69 68
70 69
71 70
72 71
73 72
74 73
75 74
76 75
77 76
78 77
79 78
80 79
81 80
82 81
83 82
84 83
85 84
86 85
87 86
88 87
89 88
90 89
91 90
92 91
93 92
94 93
95 94
96 95
97 96
98 97
99 98
100 99
101 100
102 101
103 102
104 103
105 104
106 105
107 106
108 107
109 108
110 109
111 110
112 111
113 112
114 113
115 114
116 115
117 116
118 117
119 118
120 119
121 120
122 121
123 122
124 123
125 124
126 125
127 126
128 127
129 128
130 129
131 130
132 131
133 132
134 133
135 134
136 135
137 136
138 137
139 138
140 139
141 140
142 141
143 142
144 143
145 144
146 145
147 146
148 147
149 148
150 149
151 150
152 151
153 152
154 153
155 154
156 155
157 156
158 157
159 158
160 159
161 160
162 161
163 162
164 163
165 164
166 165
167 166
168 167
169 168
170 169
171 170
172 171
173 172
174 173
175 174
176 175
177 176
178 177
179 178
180 179
181 180
182 181
183 182
184 183
185 184
186 185
187 186
188 187
189 188
190 189
191 190
192 191
193 192
194 193
195 194
196 195
197 196
198 197
199 198
200 199
201 200
202 201
203 202
204 203
205 204
206 205
207 206
208 207
209 208
210 209
211 210
212 211
213 212
214 213
215 214
216 215
217 216
218 217
219 218
220 219
221 220
222 221
223 222
224 223
225 224
226 225
227 226
228 227
229 228
230 229
231 230
232 231
233 232
234 233
235 234
236 235
237 236
238 237
239 238
240 239
241 240
242 241
243 242
244 243
245 244
246 245
247 246
248 247
249 248
250 249
251 250
252 251
253 252
254 253
255 254
256 255
257 256
258 257
259 258
260 259
261 260
262 261
263 262
264 263
265 264
266 265
267 266
268 267
269 268
270 269
271 270
272 271
273 272
274 273
275 274
276 275
277 276
278 277
279 278
280 279
281 280
282 281
283 282
284 283
285 284
286 285
287 286
288 287
289 288
290 289
291 290
292 291
293 292
294 293
295 294
296 295
297 296
298 297
299 298
300 299
301 300
302 301
303 302
304 303
305 304
306 305
307 306
308 307
309 308
310 309
311 310
312 311
313 312
314 313
315 314
316 315
317 316
318 317
319 318
320 319
321 320
322 321
323 322
324 323
325 324
326 325
327 326
328 327
329 328
330 329
331 330
332 331
333 332
334 333
335 334
336 335
337 336
338 337
339 338
340 339
341 340
342 341
343 342
344 343
345 344
346 345
347 346
348 347
349 348
350 349
351 350
starting to search for 466
352 351
353 352
354 353
355 354
356 355
357 356
358 357
359 358
360 359
361 360
362 361
363 362
364 363
365 364
366 365
367 366
368 367
369 368
370 369
371 370
372 371
373 372
374 373
375 374
376 375
377 376
378 377
379 378
380 379
381 380
382 381
383 382
384 383
385 384
386 385
387 386
388 387
389 388
390 389
391 390
392 391
393 392
394 393
395 394
396 395
397 396
398 397
399 398
400 399
401 400
402 401
403 402
404 403
405 404
406 405
407 406
408 407
409 408
410 409
411 410
412 411
413 412
414 413
415 414
416 415
417 416
418 417
419 418
420 419
421 420
422 421
423 422
424 423
425 424
426 425
427 426
428 427
429 428
430 429
431 430
432 431
433 432
434 433
435 434
436 435
437 436
438 437
439 438
440 439
441 440
442 441
443 442
444 443
445 444
446 445
447 446
448 447
449 448
450 449
451 450
452 451
453 452
454 453
455 454
456 455
457 456
458 457
459 458
460 459
461 460
462 461
463 462
464 463
465 464
466 465
467 466
starting to search for 240
468 465
469 464
470 463
471 462
472 461
473 460
474 459
475 458
476 457
477 456
478 455
479 454
480 453
481 452
482 451
483 450
484 449
485 448
486 447
487 446
488 445
489 444
490 443
491 442
492 441
493 440
494 439
495 438
496 437
497 436
498 435
499 434
500 433
501 432
502 431
503 430
504 429
505 428
506 427
507 426
508 425
509 424
510 423
511 422
512 421
513 420
514 419
515 418
516 417
517 416
518 415
519 414
520 413
521 412
522 411
523 410
524 409
525 408
526 407
527 406
528 405
529 404
530 403
531 402
532 401
533 400
534 399
535 398
536 397
537 396
538 395
539 394
540 393
541 392
542 391
543 390
544 389
545 388
546 387
547 386
548 385
549 384
550 383
551 382
552 381
553 380
554 379
555 378
556 377
557 376
558 375
559 374
560 373
561 372
562 371
563 370
564 369
565 368
566 367
567 366
568 365
569 364
570 363
571 362
572 361
573 360
574 359
575 358
576 357
577 356
578 355
579 354
580 353
581 352
582 351
583 350
584 349
585 348
586 347
587 346
588 345
589 344
590 343
591 342
592 341
593 340
594 339
595 338
596 337
597 336
598 335
599 334
600 333
601 332
602 331
603 330
604 329
605 328
606 327
607 326
608 325
609 324
610 323
611 322
612 321
613 320
614 319
615 318
616 317
617 316
618 315
619 314
620 313
621 312
622 311
623 310
624 309
625 308
626 307
627 306
628 305
629 304
630 303
631 302
632 301
633 300
634 299
635 298
636 297
637 296
638 295
639 294
640 293
641 292
642 291
643 290
644 289
645 288
646 287
647 286
648 285
649 284
650 283
651 282
652 281
653 280
654 279
655 278
656 277
657 276
658 275
659 274
660 273
661 272
662 271
663 270
664 269
665 268
666 267
667 266
668 265
669 264
670 263
671 262
672 261
673 260
674 259
675 258
676 257
677 256
678 255
679 254
680 253
681 252
682 251
683 250
684 249
685 248
686 247
687 246
688 245
689 244
690 243
691 242
692 241
693 240
starting to search for 222
694 239
695 238
696 237
697 236
698 235
699 234
700 233
701 232
702 231
703 230
704 229
705 228
706 227
707 226
708 225
709 224
710 223
711 222
starting to search for 42
712 221
713 220
714 219
715 218
716 217
717 216
718 215
719 214
720 213
721 212
722 211
723 210
724 209
725 208
726 207
727 206
728 205
729 204
730 203
731 202
732 201
733 200
734 199
735 198
736 197
737 196
738 195
739 194
740 193
741 192
742 191
743 190
744 189
745 188
746 187
747 186
748 185
749 184
750 183
751 182
752 181
753 180
754 179
755 178
756 177
757 176
758 175
759 174
760 173
761 172
762 171
763 170
764 169
765 168
766 167
767 166
768 165
769 164
770 163
771 162
772 161
773 160
774 159
775 158
776 157
777 156
778 155
779 154
780 153
781 152
782 151
783 150
784 149
785 148
786 147
787 146
788 145
789 144
790 143
791 142
792 141
793 140
794 139
795 138
796 137
797 136
798 135
799 134
800 133
801 132
802 131
803 130
804 129
805 128
806 127
807 126
808 125
809 124
810 123
811 122
812 121
813 120
814 119
815 118
816 117
817 116
818 115
819 114
820 113
821 112
822 111
823 110
824 109
825 108
826 107
827 106
828 105
829 104
830 103
831 102
832 101
833 100
834 99
835 98
836 97
837 96
838 95
839 94
840 93
841 92
842 91
843 90
844 89
845 88
846 87
847 86
848 85
849 84
850 83
851 82
852 81
853 80
854 79
855 78
856 77
857 76
858 75
859 74
860 73
861 72
862 71
863 70
864 69
865 68
866 67
867 66
868 65
869 64
870 63
871 62
872 61
873 60
874 59
875 58
876 57
877 56
878 55
879 54
880 53
881 52
882 51
883 50
884 49
885 48
886 47
887 46
888 45
889 44
890 43
891 42
starting to search for 402
892 43
893 44
894 45
895 46
896 47
897 48
898 49
899 50
900 51
901 52
902 53
903 54
904 55
905 56
906 57
907 58
908 59
909 60
910 61
911 62
912 63
913 64
914 65
915 66
916 67
917 68
918 69
919 70
920 71
921 72
922 73
923 74
924 75
925 76
926 77
927 78
928 79
929 80
930 81
931 82
932 83
933 84
934 85
935 86
936 87
937 88
938 89
939 90
940 91
941 92
942 93
943 94
944 95
945 96
946 97
947 98
948 99
949 100
950 101
951 102
952 103
953 104
954 105
955 106
956 107
957 108
958 109
959 110
960 111
961 112
962 113
963 114
964 115
965 116
966 117
967 118
968 119
969 120
970 121
971 122
972 123
973 124
974 125
975 126
976 127
977 128
978 129
979 130
980 131
981 132
982 133
983 134
984 135
985 136
986 137
987 138
988 139
989 140
990 141
991 142
992 143
993 144
994 145
995 146
996 147
997 148
998 149
999 150
1000 151
1001 152
1002 153
1003 154
1004 155
1005 156
1006 157
1007 158
1008 159
1009 160
1010 161
1011 162
1012 163
1013 164
1014 165
1015 166
1016 167
1017 168
1018 169
1019 170
1020 171
1021 172
1022 173
1023 174
1024 175
1025 176
1026 177
1027 178
1028 179
1029 180
1030 181
1031 182
1032 183
1033 184
1034 185
1035 186
1036 187
1037 188
1038 189
1039 190
1040 191
1041 192
1042 193
1043 194
1044 195
1045 196
1046 197
1047 198
1048 199
1049 200
1050 201
1051 202
1052 203
1053 204
1054 205
1055 206
1056 207
1057 208
1058 209
1059 210
1060 211
1061 212
1062 213
1063 214
1064 215
1065 216
1066 217
1067 218
1068 219
1069 220
1070 221
1071 222
1072 223
1073 224
1074 225
1075 226
1076 227
1077 228
1078 229
1079 230
1080 231
1081 232
1082 233
1083 234
1084 235
1085 236
1086 237
1087 238
1088 239
1089 240
1090 241
1091 242
1092 243
1093 244
1094 245
1095 246
1096 247
1097 248
1098 249
1099 250
1100 251
1101 252
1102 253
1103 254
1104 255
1105 256
1106 257
1107 258
1108 259
1109 260
1110 261
1111 262
1112 263
1113 264
1114 265
1115 266
1116 267
1117 268
1118 269
1119 270
1120 271
1121 272
1122 273
1123 274
1124 275
1125 276
1126 277
1127 278
1128 279
1129 280
1130 281
1131 282
1132 283
1133 284
1134 285
1135 286
1136 287
1137 288
1138 289
1139 290
1140 291
1141 292
1142 293
1143 294
1144 295
1145 296
1146 297
1147 298
1148 299
1149 300
1150 301
1151 302
1152 303
1153 304
1154 305
1155 306
1156 307
1157 308
1158 309
1159 310
1160 311
1161 312
1162 313
1163 314
1164 315
1165 316
1166 317
1167 318
1168 319
1169 320
1170 321
1171 322
1172 323
1173 324
1174 325
1175 326
1176 327
1177 328
1178 329
1179 330
1180 331
1181 332
1182 333
1183 334
1184 335
1185 336
1186 337
1187 338
1188 339
1189 340
1190 341
1191 342
1192 343
1193 344
1194 345
1195 346
1196 347
1197 348
1198 349
1199 350
1200 351
1201 352
1202 353
1203 354
1204 355
1205 356
1206 357
1207 358
1208 359
1209 360
1210 361
1211 362
1212 363
1213 364
1214 365
1215 366
1216 367
1217 368
1218 369
1219 370
1220 371
1221 372
1222 373
1223 374
1224 375
1225 376
1226 377
1227 378
1228 379
1229 380
1230 381
1231 382
1232 383
1233 384
1234 385
1235 386
1236 387
1237 388
1238 389
1239 390
1240 391
1241 392
1242 393
1243 394
1244 395
1245 396
1246 397
1247 398
1248 399
1249 400
1250 401
1251 402
starting to search for 0
1252 401
1253 400
1254 399
1255 398
1256 397
1257 396
1258 395
1259 394
1260 393
1261 392
1262 391
1263 390
1264 389
1265 388
1266 387
1267 386
1268 385
1269 384
1270 383
1271 382
1272 381
1273 380
1274 379
1275 378
1276 377
1277 376
1278 375
1279 374
1280 373
1281 372
1282 371
1283 370
1284 369
1285 368
1286 367
1287 366
1288 365
1289 364
1290 363
1291 362
1292 361
1293 360
1294 359
1295 358
1296 357
1297 356
1298 355
1299 354
1300 353
1301 352
1302 351
1303 350
1304 349
1305 348
1306 347
1307 346
1308 345
1309 344
1310 343
1311 342
1312 341
1313 340
1314 339
1315 338
1316 337
1317 336
1318 335
1319 334
1320 333
1321 332
1322 331
1323 330
1324 329
1325 328
1326 327
1327 326
1328 325
1329 324
1330 323
1331 322
1332 321
1333 320
1334 319
1335 318
1336 317
1337 316
1338 315
1339 314
1340 313
1341 312
1342 311
1343 310
1344 309
1345 308
1346 307
1347 306
1348 305
1349 304
1350 303
1351 302
1352 301
1353 300
1354 299
1355 298
1356 297
1357 296
1358 295
1359 294
1360 293
1361 292
1362 291
1363 290
1364 289
1365 288
1366 287
1367 286
1368 285
1369 284
1370 283
1371 282
1372 281
1373 280
1374 279
1375 278
1376 277
1377 276
1378 275
1379 274
1380 273
1381 272
1382 271
1383 270
1384 269
1385 268
1386 267
1387 266
1388 265
1389 264
1390 263
1391 262
1392 261
1393 260
1394 259
1395 258
1396 257
1397 256
1398 255
1399 254
1400 253
1401 252
1402 251
1403 250
1404 249
1405 248
1406 247
1407 246
1408 245
1409 244
1410 243
1411 242
1412 241
1413 240
1414 239
1415 238
1416 237
1417 236
1418 235
1419 234
1420 233
1421 232
1422 231
1423 230
1424 229
1425 228
1426 227
1427 226
1428 225
1429 224
1430 223
1431 222
1432 221
1433 220
1434 219
1435 218
1436 217
1437 216
1438 215
1439 214
1440 213
1441 212
1442 211
1443 210
1444 209
1445 208
1446 207
1447 206
1448 205
1449 204
1450 203
1451 202
1452 201
1453 200
1454 199
1455 198
1456 197
1457 196
1458 195
1459 194
1460 193
1461 192
1462 191
1463 190
1464 189
1465 188
1466 187
1467 186
1468 185
1469 184
1470 183
1471 182
1472 181
1473 180
1474 179
1475 178
1476 177
1477 176
1478 175
1479 174
1480 173
1481 172
1482 171
1483 170
1484 169
1485 168
1486 167
1487 166
1488 165
1489 164
1490 163
1491 162
1492 161
1493 160
1494 159
1495 158
1496 157
1497 156
1498 155
1499 154
1500 153
1501 152
1502 151
1503 150
1504 149
1505 148
1506 147
1507 146
1508 145
1509 144
1510 143
1511 142
1512 141
1513 140
1514 139
1515 138
1516 137
1517 136
1518 135
1519 134
1520 133
1521 132
1522 131
1523 130
1524 129
1525 128
1526 127
1527 126
1528 125
1529 124
1530 123
1531 122
1532 121
1533 120
1534 119
1535 118
1536 117
1537 116
1538 115
1539 114
1540 113
1541 112
1542 111
1543 110
1544 109
1545 108
1546 107
1547 106
1548 105
1549 104
1550 103
1551 102
1552 101
1553 100
1554 99
1555 98
1556 97
1557 96
1558 95
1559 94
1560 93
1561 92
1562 91
1563 90
1564 89
1565 88
1566 87
1567 86
1568 85
1569 84
1570 83
1571 82
1572 81
1573 80
1574 79
1575 78
1576 77
1577 76
1578 75
1579 74
1580 73
1581 72
1582 71
1583 70
1584 69
1585 68
1586 67
1587 66
1588 65
1589 64
1590 63
1591 62
1592 61
1593 60
1594 59
1595 58
1596 57
1597 56
1598 55
1599 54
1600 53
1601 52
1602 51
1603 50
1604 49
1605 48
1606 47
1607 46
1608 45
1609 44
1610 43
1611 42
1612 41
1613 40
1614 39
1615 38
1616 37
1617 36
1618 35
1619 34
1620 33
1621 32
1622 31
1623 30
1624 29
1625 28
1626 27
1627 26
1628 25
1629 24
1630 23
1631 22
1632 21
1633 20
1634 19
1635 18
1636 17
1637 16
1638 15
1639 14
1640 13
1641 12
1642 11
1643 10
1644 9
1645 8
1646 7
1647 6
1648 5
1649 4
1650 3
1651 2
1652 1
1653 0
starting to search for 122
1654 1
1655 2
1656 3
1657 4
1658 5
1659 6
1660 7
1661 8
1662 9
1663 10
1664 11
1665 12
1666 13
1667 14
1668 15
1669 16
1670 17
1671 18
1672 19
1673 20
1674 21
1675 22
1676 23
1677 24
1678 25
1679 26
1680 27
1681 28
1682 29
1683 30
1684 31
1685 32
1686 33
1687 34
1688 35
1689 36
1690 37
1691 38
1692 39
1693 40
1694 41
1695 42
1696 43
1697 44
1698 45
1699 46
1700 47
1701 48
1702 49
1703 50
1704 51
1705 52
1706 53
1707 54
1708 55
1709 56
1710 57
1711 58
1712 59
1713 60
1714 61
1715 62
1716 63
1717 64
1718 65
1719 66
1720 67
1721 68
1722 69
1723 70
1724 71
1725 72
1726 73
1727 74
1728 75
1729 76
1730 77
1731 78
1732 79
1733 80
1734 81
1735 82
1736 83
1737 84
1738 85
1739 86
1740 87
1741 88
1742 89
1743 90
1744 91
1745 92
1746 93
1747 94
1748 95
1749 96
1750 97
1751 98
1752 99
1753 100
1754 101
1755 102
1756 103
1757 104
1758 105
1759 106
1760 107
1761 108
1762 109
1763 110
1764 111
1765 112
1766 113
1767 114
1768 115
1769 116
1770 117
1771 118
1772 119
1773 120
1774 121
1775 122
starting to search for 326
1776 123
1777 124
1778 125
1779 126
1780 127
1781 128
1782 129
1783 130
1784 131
1785 132
1786 133
1787 134
1788 135
1789 136
1790 137
1791 138
1792 139
1793 140
1794 141
1795 142
1796 143
1797 144
1798 145
1799 146
1800 147
1801 148
1802 149
1803 150
1804 151
1805 152
1806 153
1807 154
1808 155
1809 156
1810 157
1811 158
1812 159
1813 160
1814 161
1815 162
1816 163
1817 164
1818 165
1819 166
1820 167
1821 168
1822 169
1823 170
1824 171
1825 172
1826 173
1827 174
1828 175
1829 176
1830 177
1831 178
1832 179
1833 180
1834 181
1835 182
1836 183
1837 184
1838 185
1839 186
1840 187
1841 188
1842 189
1843 190
1844 191
1845 192
1846 193
1847 194
1848 195
1849 196
1850 197
1851 198
1852 199
1853 200
1854 201
1855 202
1856 203
1857 204
1858 205
1859 206
1860 207
1861 208
1862 209
1863 210
1864 211
1865 212
1866 213
1867 214
1868 215
1869 216
1870 217
1871 218
1872 219
1873 220
1874 221
1875 222
1876 223
1877 224
1878 225
1879 226
1880 227
1881 228
1882 229
1883 230
1884 231
1885 232
1886 233
1887 234
1888 235
1889 236
1890 237
1891 238
1892 239
1893 240
1894 241
1895 242
1896 243
1897 244
1898 245
1899 246
1900 247
1901 248
1902 249
1903 250
1904 251
1905 252
1906 253
1907 254
1908 255
1909 256
1910 257
1911 258
1912 259
1913 260
1914 261
1915 262
1916 263
1917 264
1918 265
1919 266
1920 267
1921 268
1922 269
1923 270
1924 271
1925 272
1926 273
1927 274
1928 275
1929 276
1930 277
1931 278
1932 279
1933 280
1934 281
1935 282
1936 283
1937 284
1938 285
1939 286
1940 287
1941 288
1942 289
1943 290
1944 291
1945 292
1946 293
1947 294
1948 295
1949 296
1950 297
1951 298
1952 299
1953 300
1954 301
1955 302
1956 303
1957 304
1958 305
1959 306
1960 307
1961 308
1962 309
1963 310
1964 311
1965 312
1966 313
1967 314
1968 315
1969 316
1970 317
1971 318
1972 319
1973 320
1974 321
1975 322
1976 323
1977 324
1978 325
1979 326
starting to search for 480
1980 327
1981 328
1982 329
1983 330
1984 331
1985 332
1986 333
1987 334
1988 335
1989 336
1990 337
1991 338
1992 339
1993 340
1994 341
1995 342
1996 343
1997 344
1998 345
1999 346
2000 347
2001 348
2002 349
2003 350
2004 351
2005 352
2006 353
2007 354
2008 355
2009 356
2010 357
2011 358
2012 359
2013 360
2014 361
2015 362
2016 363
2017 364
2018 365
2019 366
2020 367
2021 368
2022 369
2023 370
2024 371
2025 372
2026 373
2027 374
2028 375
2029 376
2030 377
2031 378
2032 379
2033 380
2034 381
2035 382
2036 383
2037 384
2038 385
2039 386
2040 387
2041 388
2042 389
2043 390
2044 391
2045 392
2046 393
2047 394
2048 395
2049 396
2050 397
2051 398
2052 399
2053 400
2054 401
2055 402
2056 403
2057 404
2058 405
2059 406
2060 407
2061 408
2062 409
2063 410
2064 411
2065 412
2066 413
2067 414
2068 415
2069 416
2070 417
2071 418
2072 419
2073 420
2074 421
2075 422
2076 423
2077 424
2078 425
2079 426
2080 427
2081 428
2082 429
2083 430
2084 431
2085 432
2086 433
2087 434
2088 435
2089 436
2090 437
2091 438
2092 439
2093 440
2094 441
2095 442
2096 443
2097 444
2098 445
2099 446
2100 447
2101 448
2102 449
2103 450
2104 451
2105 452
2106 453
2107 454
2108 455
2109 456
2110 457
2111 458
2112 459
2113 460
2114 461
2115 462
2116 463
2117 464
2118 465
2119 466
2120 467
2121 468
2122 469
2123 470
2124 471
2125 472
2126 473
2127 474
2128 475
2129 476
2130 477
2131 478
2132 479
2133 480
starting to search for 503
2134 481
2135 482
2136 483
2137 484
2138 485
2139 486
2140 487
2141 488
2142 489
2143 490
2144 491
2145 492
2146 493
2147 494
2148 495
2149 496
2150 497
2151 498
2152 499
2153 500
2154 501
2155 502
2156 503
starting to search for 246
2157 502
2158 501
2159 500
2160 499
2161 498
2162 497
2163 496
2164 495
2165 494
2166 493
2167 492
2168 491
2169 490
2170 489
2171 488
2172 487
2173 486
2174 485
2175 484
2176 483
2177 482
2178 481
2179 480
2180 479
2181 478
2182 477
2183 476
2184 475
2185 474
2186 473
2187 472
2188 471
2189 470
2190 469
2191 468
2192 467
2193 466
2194 465
2195 464
2196 463
2197 462
2198 461
2199 460
2200 459
2201 458
2202 457
2203 456
2204 455
2205 454
2206 453
2207 452
2208 451
2209 450
2210 449
2211 448
2212 447
2213 446
2214 445
2215 444
2216 443
2217 442
2218 441
2219 440
2220 439
2221 438
2222 437
2223 436
2224 435
2225 434
2226 433
2227 432
2228 431
2229 430
2230 429
2231 428
2232 427
2233 426
2234 425
2235 424
2236 423
2237 422
2238 421
2239 420
2240 419
2241 418
2242 417
2243 416
2244 415
2245 414
2246 413
2247 412
2248 411
2249 410
2250 409
2251 408
2252 407
2253 406
2254 405
2255 404
2256 403
2257 402
2258 401
2259 400
2260 399
2261 398
2262 397
2263 396
2264 395
2265 394
2266 393
2267 392
2268 391
2269 390
2270 389
2271 388
2272 387
2273 386
2274 385
2275 384
2276 383
2277 382
2278 381
2279 380
2280 379
2281 378
2282 377
2283 376
2284 375
2285 374
2286 373
2287 372
2288 371
2289 370
2290 369
2291 368
2292 367
2293 366
2294 365
2295 364
2296 363
2297 362
2298 361
2299 360
2300 359
2301 358
2302 357
2303 356
2304 355
2305 354
2306 353
2307 352
2308 351
2309 350
2310 349
2311 348
2312 347
2313 346
2314 345
2315 344
2316 343
2317 342
2318 341
2319 340
2320 339
2321 338
2322 337
2323 336
2324 335
2325 334
2326 333
2327 332
2328 331
2329 330
2330 329
2331 328
2332 327
2333 326
2334 325
2335 324
2336 323
2337 322
2338 321
2339 320
2340 319
2341 318
2342 317
2343 316
2344 315
2345 314
2346 313
2347 312
2348 311
2349 310
2350 309
2351 308
2352 307
2353 306
2354 305
2355 304
2356 303
2357 302
2358 301
2359 300
2360 299
2361 298
2362 297
2363 296
2364 295
2365 294
2366 293
2367 292
2368 291
2369 290
2370 289
2371 288
2372 287
2373 286
2374 285
2375 284
2376 283
2377 282
2378 281
2379 280
2380 279
2381 278
2382 277
2383 276
2384 275
2385 274
2386 273
2387 272
2388 271
2389 270
2390 269
2391 268
2392 267
2393 266
2394 265
2395 264
2396 263
2397 262
2398 261
2399 260
2400 259
2401 258
2402 257
2403 256
2404 255
2405 254
2406 253
2407 252
2408 251
2409 250
2410 249
2411 248
2412 247
2413 246
starting to search for 338
2414 247
2415 248
2416 249
2417 250
2418 251
2419 252
2420 253
2421 254
2422 255
2423 256
2424 257
2425 258
2426 259
2427 260
2428 261
2429 262
2430 263
2431 264
2432 265
2433 266
2434 267
2435 268
2436 269
2437 270
2438 271
2439 272
2440 273
2441 274
2442 275
2443 276
2444 277
2445 278
2446 279
2447 280
2448 281
2449 282
2450 283
2451 284
2452 285
2453 286
2454 287
2455 288
2456 289
2457 290
2458 291
2459 292
2460 293
2461 294
2462 295
2463 296
2464 297
2465 298
2466 299
2467 300
2468 301
2469 302
2470 303
2471 304
2472 305
2473 306
2474 307
2475 308
2476 309
2477 310
2478 311
2479 312
2480 313
2481 314
2482 315
2483 316
2484 317
2485 318
2486 319
2487 320
2488 321
2489 322
2490 323
2491 324
2492 325
2493 326
2494 327
2495 328
2496 329
2497 330
2498 331
2499 332
2500 333
2501 334
2502 335
2503 336
2504 337
2505 338
starting to search for 497
2506 339
2507 340
2508 341
2509 342
2510 343
2511 344
2512 345
2513 346
2514 347
2515 348
2516 349
2517 350
2518 351
2519 352
2520 353
2521 354
2522 355
2523 356
2524 357
2525 358
2526 359
2527 360
2528 361
2529 362
2530 363
2531 364
2532 365
2533 366
2534 367
2535 368
2536 369
2537 370
2538 371
2539 372
2540 373
2541 374
2542 375
2543 376
2544 377
2545 378
2546 379
2547 380
2548 381
2549 382
2550 383
2551 384
2552 385
2553 386
2554 387
2555 388
2556 389
2557 390
2558 391
2559 392
2560 393
2561 394
2562 395
2563 396
2564 397
2565 398
2566 399
2567 400
2568 401
2569 402
2570 403
2571 404
2572 405
2573 406
2574 407
2575 408
2576 409
2577 410
2578 411
2579 412
2580 413
2581 414
2582 415
2583 416
2584 417
2585 418
2586 419
2587 420
2588 421
2589 422
2590 423
2591 424
2592 425
2593 426
2594 427
2595 428
2596 429
2597 430
2598 431
2599 432
2600 433
2601 434
2602 435
2603 436
2604 437
2605 438
2606 439
2607 440
2608 441
2609 442
2610 443
2611 444
2612 445
2613 446
2614 447
2615 448
2616 449
2617 450
2618 451
2619 452
2620 453
2621 454
2622 455
2623 456
2624 457
2625 458
2626 459
2627 460
2628 461
2629 462
2630 463
2631 464
2632 465
2633 466
2634 467
2635 468
2636 469
2637 470
2638 471
2639 472
2640 473
2641 474
2642 475
2643 476
2644 477
2645 478
2646 479
2647 480
2648 481
2649 482
2650 483
2651 484
2652 485
2653 486
2654 487
2655 488
2656 489
2657 490
2658 491
2659 492
2660 493
2661 494
2662 495
2663 496
2664 497
starting to search for 147
2665 496
2666 495
2667 494
2668 493
2669 492
2670 491
2671 490
2672 489
2673 488
2674 487
2675 486
2676 485
2677 484
2678 483
2679 482
2680 481
2681 480
2682 479
2683 478
2684 477
2685 476
2686 475
2687 474
2688 473
2689 472
2690 471
2691 470
2692 469
2693 468
2694 467
2695 466
2696 465
2697 464
2698 463
2699 462
2700 461
2701 460
2702 459
2703 458
2704 457
2705 456
2706 455
2707 454
2708 453
2709 452
2710 451
2711 450
2712 449
2713 448
2714 447
2715 446
2716 445
2717 444
2718 443
2719 442
2720 441
2721 440
2722 439
2723 438
2724 437
2725 436
2726 435
2727 434
2728 433
2729 432
2730 431
2731 430
2732 429
2733 428
2734 427
2735 426
2736 425
2737 424
2738 423
2739 422
2740 421
2741 420
2742 419
2743 418
2744 417
2745 416
2746 415
2747 414
2748 413
2749 412
2750 411
2751 410
2752 409
2753 408
2754 407
2755 406
2756 405
2757 404
2758 403
2759 402
2760 401
2761 400
2762 399
2763 398
2764 397
2765 396
2766 395
2767 394
2768 393
2769 392
2770 391
2771 390
2772 389
2773 388
2774 387
2775 386
2776 385
2777 384
2778 383
2779 382
2780 381
2781 380
2782 379
2783 378
2784 377
2785 376
2786 375
2787 374
2788 373
2789 372
2790 371
2791 370
2792 369
2793 368
2794 367
2795 366
2796 365
2797 364
2798 363
2799 362
2800 361
2801 360
2802 359
2803 358
2804 357
2805 356
2806 355
2807 354
2808 353
2809 352
2810 351
2811 350
2812 349
2813 348
2814 347
2815 346
2816 345
2817 344
2818 343
2819 342
2820 341
2821 340
2822 339
2823 338
2824 337
2825 336
2826 335
2827 334
2828 333
2829 332
2830 331
2831 330
2832 329
2833 328
2834 327
2835 326
2836 325
2837 324
2838 323
2839 322
2840 321
2841 320
2842 319
2843 318
2844 317
2845 316
2846 315
2847 314
2848 313
2849 312
2850 311
2851 310
2852 309
2853 308
2854 307
2855 306
2856 305
2857 304
2858 303
2859 302
2860 301
2861 300
2862 299
2863 298
2864 297
2865 296
2866 295
2867 294
2868 293
2869 292
2870 291
2871 290
2872 289
2873 288
2874 287
2875 286
2876 285
2877 284
2878 283
2879 282
2880 281
2881 280
2882 279
2883 278
2884 277
2885 276
2886 275
2887 274
2888 273
2889 272
2890 271
2891 270
2892 269
2893 268
2894 267
2895 266
2896 265
2897 264
2898 263
2899 262
2900 261
2901 260
2902 259
2903 258
2904 257
2905 256
2906 255
2907 254
2908 253
2909 252
2910 251
2911 250
2912 249
2913 248
2914 247
2915 246
2916 245
2917 244
2918 243
2919 242
2920 241
2921 240
2922 239
2923 238
2924 237
2925 236
2926 235
2927 234
2928 233
2929 232
2930 231
2931 230
2932 229
2933 228
2934 227
2935 226
2936 225
2937 224
2938 223
2939 222
2940 221
2941 220
2942 219
2943 218
2944 217
2945 216
2946 215
2947 214
2948 213
2949 212
2950 211
2951 210
2952 209
2953 208
2954 207
2955 206
2956 205
2957 204
2958 203
2959 202
2960 201
2961 200
2962 199
2963 198
2964 197
2965 196
2966 195
2967 194
2968 193
2969 192
2970 191
2971 190
2972 189
2973 188
2974 187
2975 186
2976 185
2977 184
2978 183
2979 182
2980 181
2981 180
2982 179
2983 178
2984 177
2985 176
2986 175
2987 174
2988 173
2989 172
2990 171
2991 170
2992 169
2993 168
2994 167
2995 166
2996 165
2997 164
2998 163
2999 162
3000 161
3001 160
3002 159
3003 158
3004 157
3005 156
3006 155
3007 154
3008 153
3009 152
3010 151
3011 150
3012 149
3013 148
3014 147
starting to search for 222
3015 148
3016 149
3017 150
3018 151
3019 152
3020 153
3021 154
3022 155
3023 156
3024 157
3025 158
3026 159
3027 160
3028 161
3029 162
3030 163
3031 164
3032 165
3033 166
3034 167
3035 168
3036 169
3037 170
3038 171
3039 172
3040 173
3041 174
3042 175
3043 176
3044 177
3045 178
3046 179
3047 180
3048 181
3049 182
3050 183
3051 184
3052 185
3053 186
3054 187
3055 188
3056 189
3057 190
3058 191
3059 192
3060 193
3061 194
3062 195
3063 196
3064 197
3065 198
3066 199
3067 200
3068 201
3069 202
3070 203
3071 204
3072 205
3073 206
3074 207
3075 208
3076 209
3077 210
3078 211
3079 212
3080 213
3081 214
3082 215
3083 216
3084 217
3085 218
3086 219
3087 220
3088 221
3089 222
starting to search for 215
3090 221
3091 220
3092 219
3093 218
3094 217
3095 216
3096 215
starting to search for 114
3097 214
3098 213
3099 212
3100 211
3101 210
3102 209
3103 208
3104 207
3105 206
3106 205
3107 204
3108 203
3109 202
3110 201
3111 200
3112 199
3113 198
3114 197
3115 196
3116 195
3117 194
3118 193
3119 192
3120 191
3121 190
3122 189
3123 188
3124 187
3125 186
3126 185
3127 184
3128 183
3129 182
3130 181
3131 180
3132 179
3133 178
3134 177
3135 176
3136 175
3137 174
3138 173
3139 172
3140 171
3141 170
3142 169
3143 168
3144 167
3145 166
3146 165
3147 164
3148 163
3149 162
3150 161
3151 160
3152 159
3153 158
3154 157
3155 156
3156 155
3157 154
3158 153
3159 152
3160 151
3161 150
3162 149
3163 148
3164 147
3165 146
3166 145
3167 144
3168 143
3169 142
3170 141
3171 140
3172 139
3173 138
3174 137
3175 136
3176 135
3177 134
3178 133
3179 132
3180 131
3181 130
3182 129
3183 128
3184 127
3185 126
3186 125
3187 124
3188 123
3189 122
3190 121
3191 120
3192 119
3193 118
3194 117
3195 116
3196 115
3197 114
starting to search for 144
3198 115
3199 116
3200 117
3201 118
3202 119
3203 120
3204 121
3205 122
3206 123
3207 124
3208 125
3209 126
3210 127
3211 128
3212 129
3213 130
3214 131
3215 132
3216 133
3217 134
3218 135
3219 136
3220 137
3221 138
3222 139
3223 140
3224 141
3225 142
3226 143
3227 144
starting to search for 292
3228 145
3229 146
3230 147
3231 148
3232 149
3233 150
3234 151
3235 152
3236 153
3237 154
3238 155
3239 156
3240 157
3241 158
3242 159
3243 160
3244 161
3245 162
3246 163
3247 164
3248 165
3249 166
3250 167
3251 168
3252 169
3253 170
3254 171
3255 172
3256 173
3257 174
3258 175
3259 176
3260 177
3261 178
3262 179
3263 180
3264 181
3265 182
3266 183
3267 184
3268 185
3269 186
3270 187
3271 188
3272 189
3273 190
3274 191
3275 192
3276 193
3277 194
3278 195
3279 196
3280 197
3281 198
3282 199
3283 200
3284 201
3285 202
3286 203
3287 204
3288 205
3289 206
3290 207
3291 208
3292 209
3293 210
3294 211
3295 212
3296 213
3297 214
3298 215
3299 216
3300 217
3301 218
3302 219
3303 220
3304 221
3305 222
3306 223
3307 224
3308 225
3309 226
3310 227
3311 228
3312 229
3313 230
3314 231
3315 232
3316 233
3317 234
3318 235
3319 236
3320 237
3321 238
3322 239
3323 240
3324 241
3325 242
3326 243
3327 244
3328 245
3329 246
3330 247
3331 248
3332 249
3333 250
3334 251
3335 252
3336 253
3337 254
3338 255
3339 256
3340 257
3341 258
3342 259
3343 260
3344 261
3345 262
3346 263
3347 264
3348 265
3349 266
3350 267
3351 268
3352 269
3353 270
3354 271
3355 272
3356 273
3357 274
3358 275
3359 276
3360 277
3361 278
3362 279
3363 280
3364 281
3365 282
3366 283
3367 284
3368 285
3369 286
3370 287
3371 288
3372 289
3373 290
3374 291
3375 292
    0:     1     1   351
    1:   236   351   467
    2:   419   467   693
    3:   424   693   711
    4:   506   711   891
    5:   675   891  1251
    6:   848  1251  1653
    7:  1056  1653  1775
    8:  1148  1775  1979
    9:  1194  1979  2133
   10:  1306  2133  2156
   11:  1367  2156  2413
   12:  1392  2413  2505
   13:  1529  2505  2664
   14:  1639  2664  3014
   15:  1792  3014  3089
   16:  1833  3089  3096
   17:  2058  3096  3197
   18:  2268  3197  3227
   19:  2334  3227  3375
