1175
108233
176120
177111
20221
263201
3270
41161
440163
453240
489252
507122
513169
559248
59573
647111
659107
75557
84272
861146
1 0
starting to search for 175
2 1
3 2
4 3
5 4
6 5
7 6
8 7
9 8
10 9
11 10
12 11
13 12
14 13
15 14
16 15
17 16
18 17
19 18
20 19
21 20
22 21
23 22
24 23
25 24
26 25
27 26
28 27
29 28
30 29
31 30
32 31
33 32
34 33
35 34
36 35
37 36
38 37
39 38
40 39
41 40
42 41
43 42
44 43
45 44
46 45
47 46
48 47
49 48
50 49
51 50
52 51
53 52
54 53
55 54
56 55
57 56
58 57
59 58
60 59
61 60
62 61
63 62
64 63
65 64
66 65
67 66
68 67
69 68
70 69
71 70
72 71
73 72
74 73
75 74
76 75
77 76
78 77
79 78
80 79
81 80
82 81
83 82
84 83
85 84
86 85
87 86
88 87
89 88
90 89
91 90
92 91
93 92
94 93
95 94
96 95
97 96
98 97
99 98
100 99
101 100
102 101
103 102
104 103
105 104
106 105
107 106
108 107
109 108
110 109
111 110
112 111
113 112
114 113
115 114
116 115
117 116
118 117
119 118
120 119
121 120
122 121
123 122
124 123
125 124
126 125
127 126
128 127
129 128
130 129
131 130
132 131
133 132
134 133
135 134
136 135
137 136
138 137
139 138
140 139
141 140
142 141
143 142
144 143
145 144
146 145
147 146
148 147
149 148
150 149
151 150
152 151
153 152
154 153
155 154
156 155
157 156
158 157
159 158
160 159
161 160
162 161
163 162
164 163
165 164
166 165
167 166
168 167
169 168
170 169
171 170
172 171
173 172
174 173
175 174
176 175
starting to search for 233
177 176
178 177
179 178
180 179
181 180
182 181
183 182
184 183
185 184
186 185
187 186
188 187
189 188
190 189
191 190
192 191
193 192
194 193
195 194
196 195
197 196
198 197
199 198
200 199
201 200
202 201
203 202
204 203
205 204
206 205
207 206
208 207
209 208
210 209
211 210
212 211
213 212
214 213
215 214
216 215
217 216
218 217
219 218
220 219
221 220
222 221
223 222
224 223
225 224
226 225
227 226
228 227
229 228
230 229
231 230
232 231
233 232
234 233
starting to search for 120
235 232
236 231
237 230
238 229
239 228
240 227
241 226
242 225
243 224
244 223
245 222
246 221
247 220
248 219
249 218
250 217
251 216
252 215
253 214
254 213
255 212
256 211
257 210
258 209
259 208
260 207
261 206
262 205
263 204
264 203
265 202
266 201
267 200
268 199
269 198
270 197
271 196
272 195
273 194
274 193
275 192
276 191
277 190
278 189
279 188
280 187
281 186
282 185
283 184
284 183
285 182
286 181
287 180
288 179
289 178
290 177
291 176
292 175
293 174
294 173
295 172
296 171
297 170
298 169
299 168
300 167
301 166
302 165
303 164
304 163
305 162
306 161
307 160
308 159
309 158
310 157
311 156
312 155
313 154
314 153
315 152
316 151
317 150
318 149
319 148
320 147
321 146
322 145
323 144
324 143
325 142
326 141
327 140
328 139
329 138
330 137
331 136
332 135
333 134
334 133
335 132
336 131
337 130
338 129
339 128
340 127
341 126
342 125
343 124
344 123
345 122
346 121
347 120
starting to search for 111
348 119
349 118
350 117
351 116
352 115
353 114
354 113
355 112
356 111
starting to search for 21
357 110
358 109
359 108
360 107
361 106
362 105
363 104
364 103
365 102
366 101
367 100
368 99
369 98
370 97
371 96
372 95
373 94
374 93
375 92
376 91
377 90
378 89
379 88
380 87
381 86
382 85
383 84
384 83
385 82
386 81
387 80
388 79
389 78
390 77
391 76
392 75
393 74
394 73
395 72
396 71
397 70
398 69
399 68
400 67
401 66
402 65
403 64
404 63
405 62
406 61
407 60
408 59
409 58
410 57
411 56
412 55
413 54
414 53
415 52
416 51
417 50
418 49
419 48
420 47
421 46
422 45
423 44
424 43
425 42
426 41
427 40
428 39
429 38
430 37
431 36
432 35
433 34
434 33
435 32
436 31
437 30
438 29
439 28
440 27
441 26
442 25
443 24
444 23
445 22
446 21
starting to search for 201
447 22
448 23
449 24
450 25
451 26
452 27
453 28
454 29
455 30
456 31
457 32
458 33
459 34
460 35
461 36
462 37
463 38
464 39
465 40
466 41
467 42
468 43
469 44
470 45
471 46
472 47
473 48
474 49
475 50
476 51
477 52
478 53
479 54
480 55
481 56
482 57
483 58
484 59
485 60
486 61
487 62
488 63
489 64
490 65
491 66
492 67
493 68
494 69
495 70
496 71
497 72
498 73
499 74
500 75
501 76
502 77
503 78
504 79
505 80
506 81
507 82
508 83
509 84
510 85
511 86
512 87
513 88
514 89
515 90
516 91
517 92
518 93
519 94
520 95
521 96
522 97
523 98
524 99
525 100
526 101
527 102
528 103
529 104
530 105
531 106
532 107
533 108
534 109
535 110
536 111
537 112
538 113
539 114
540 115
541 116
542 117
543 118
544 119
545 120
546 121
547 122
548 123
549 124
550 125
551 126
552 127
553 128
554 129
555 130
556 131
557 132
558 133
559 134
560 135
561 136
562 137
563 138
564 139
565 140
566 141
567 142
568 143
569 144
570 145
571 146
572 147
573 148
574 149
575 150
576 151
577 152
578 153
579 154
580 155
581 156
582 157
583 158
584 159
585 160
586 161
587 162
588 163
589 164
590 165
591 166
592 167
593 168
594 169
595 170
596 171
597 172
598 173
599 174
600 175
601 176
602 177
603 178
604 179
605 180
606 181
607 182
608 183
609 184
610 185
611 186
612 187
613 188
614 189
615 190
616 191
617 192
618 193
619 194
620 195
621 196
622 197
623 198
624 199
625 200
626 201
starting to search for 0
627 200
628 199
629 198
630 197
631 196
632 195
633 194
634 193
635 192
636 191
637 190
638 189
639 188
640 187
641 186
642 185
643 184
644 183
645 182
646 181
647 180
648 179
649 178
650 177
651 176
652 175
653 174
654 173
655 172
656 171
657 170
658 169
659 168
660 167
661 166
662 165
663 164
664 163
665 162
666 161
667 160
668 159
669 158
670 157
671 156
672 155
673 154
674 153
675 152
676 151
677 150
678 149
679 148
680 147
681 146
682 145
683 144
684 143
685 142
686 141
687 140
688 139
689 138
690 137
691 136
692 135
693 134
694 133
695 132
696 131
697 130
698 129
699 128
700 127
701 126
702 125
703 124
704 123
705 122
706 121
707 120
708 119
709 118
710 117
711 116
712 115
713 114
714 113
715 112
716 111
717 110
718 109
719 108
720 107
721 106
722 105
723 104
724 103
725 102
726 101
727 100
728 99
729 98
730 97
731 96
732 95
733 94
734 93
735 92
736 91
737 90
738 89
739 88
740 87
741 86
742 85
743 84
744 83
745 82
746 81
747 80
748 79
749 78
750 77
751 76
752 75
753 74
754 73
755 72
756 71
757 70
758 69
759 68
760 67
761 66
762 65
763 64
764 63
765 62
766 61
767 60
768 59
769 58
770 57
771 56
772 55
773 54
774 53
775 52
776 51
777 50
778 49
779 48
780 47
781 46
782 45
783 44
784 43
785 42
786 41
787 40
788 39
789 38
790 37
791 36
792 35
793 34
794 33
795 32
796 31
797 30
798 29
799 28
800 27
801 26
802 25
803 24
804 23
805 22
806 21
807 20
808 19
809 18
810 17
811 16
812 15
813 14
814 13
815 12
816 11
817 10
818 9
819 8
820 7
821 6
822 5
823 4
824 3
825 2
826 1
827 0
starting to search for 61
828 1
829 2
830 3
831 4
832 5
833 6
834 7
835 8
836 9
837 10
838 11
839 12
840 13
841 14
842 15
843 16
844 17
845 18
846 19
847 20
848 21
849 22
850 23
851 24
852 25
853 26
854 27
855 28
856 29
857 30
858 31
859 32
860 33
861 34
862 35
863 36
864 37
865 38
866 39
867 40
868 41
869 42
870 43
871 44
872 45
873 46
874 47
875 48
876 49
877 50
878 51
879 52
880 53
881 54
882 55
883 56
884 57
885 58
886 59
887 60
888 61
starting to search for 163
889 62
890 63
891 64
892 65
893 66
894 67
895 68
896 69
897 70
898 71
899 72
900 73
901 74
902 75
903 76
904 77
905 78
906 79
907 80
908 81
909 82
910 83
911 84
912 85
913 86
914 87
915 88
916 89
917 90
918 91
919 92
920 93
921 94
922 95
923 96
924 97
925 98
926 99
927 100
928 101
929 102
930 103
931 104
932 105
933 106
934 107
935 108
936 109
937 110
938 111
939 112
940 113
941 114
942 115
943 116
944 117
945 118
946 119
947 120
948 121
949 122
950 123
951 124
952 125
953 126
954 127
955 128
956 129
957 130
958 131
959 132
960 133
961 134
962 135
963 136
964 137
965 138
966 139
967 140
968 141
969 142
970 143
971 144
972 145
973 146
974 147
975 148
976 149
977 150
978 151
979 152
980 153
981 154
982 155
983 156
984 157
985 158
986 159
987 160
988 161
989 162
990 163
starting to search for 240
991 164
992 165
993 166
994 167
995 168
996 169
997 170
998 171
999 172
1000 173
1001 174
1002 175
1003 176
1004 177
1005 178
1006 179
1007 180
1008 181
1009 182
1010 183
1011 184
1012 185
1013 186
1014 187
1015 188
1016 189
1017 190
1018 191
1019 192
1020 193
1021 194
1022 195
1023 196
1024 197
1025 198
1026 199
1027 200
1028 201
1029 202
1030 203
1031 204
1032 205
1033 206
1034 207
1035 208
1036 209
1037 210
1038 211
1039 212
1040 213
1041 214
1042 215
1043 216
1044 217
1045 218
1046 219
1047 220
1048 221
1049 222
1050 223
1051 224
1052 225
1053 226
1054 227
1055 228
1056 229
1057 230
1058 231
1059 232
1060 233
1061 234
1062 235
1063 236
1064 237
1065 238
1066 239
1067 240
starting to search for 252
1068 241
1069 242
1070 243
1071 244
1072 245
1073 246
1074 247
1075 248
1076 249
1077 250
1078 251
1079 252
starting to search for 122
1080 251
1081 250
1082 249
1083 248
1084 247
1085 246
1086 245
1087 244
1088 243
1089 242
1090 241
1091 240
1092 239
1093 238
1094 237
1095 236
1096 235
1097 234
1098 233
1099 232
1100 231
1101 230
1102 229
1103 228
1104 227
1105 226
1106 225
1107 224
1108 223
1109 222
1110 221
1111 220
1112 219
1113 218
1114 217
1115 216
1116 215
1117 214
1118 213
1119 212
1120 211
1121 210
1122 209
1123 208
1124 207
1125 206
1126 205
1127 204
1128 203
1129 202
1130 201
1131 200
1132 199
1133 198
1134 197
1135 196
1136 195
1137 194
1138 193
1139 192
1140 191
1141 190
1142 189
1143 188
1144 187
1145 186
1146 185
1147 184
1148 183
1149 182
1150 181
1151 180
1152 179
1153 178
1154 177
1155 176
1156 175
1157 174
1158 173
1159 172
1160 171
1161 170
1162 169
1163 168
1164 167
1165 166
1166 165
1167 164
1168 163
1169 162
1170 161
1171 160
1172 159
1173 158
1174 157
1175 156
1176 155
1177 154
1178 153
1179 152
1180 151
1181 150
1182 149
1183 148
1184 147
1185 146
1186 145
1187 144
1188 143
1189 142
1190 141
1191 140
1192 139
1193 138
1194 137
1195 136
1196 135
1197 134
1198 133
1199 132
1200 131
1201 130
1202 129
1203 128
1204 127
1205 126
1206 125
1207 124
1208 123
1209 122
starting to search for 169
1210 123
1211 124
1212 125
1213 126
1214 127
1215 128
1216 129
1217 130
1218 131
1219 132
1220 133
1221 134
1222 135
1223 136
1224 137
1225 138
1226 139
1227 140
1228 141
1229 142
1230 143
1231 144
1232 145
1233 146
1234 147
1235 148
1236 149
1237 150
1238 151
1239 152
1240 153
1241 154
1242 155
1243 156
1244 157
1245 158
1246 159
1247 160
1248 161
1249 162
1250 163
1251 164
1252 165
1253 166
1254 167
1255 168
1256 169
starting to search for 248
1257 170
1258 171
1259 172
1260 173
1261 174
1262 175
1263 176
1264 177
1265 178
1266 179
1267 180
1268 181
1269 182
1270 183
1271 184
1272 185
1273 186
1274 187
1275 188
1276 189
1277 190
1278 191
1279 192
1280 193
1281 194
1282 195
1283 196
1284 197
1285 198
1286 199
1287 200
1288 201
1289 202
1290 203
1291 204
1292 205
1293 206
1294 207
1295 208
1296 209
1297 210
1298 211
1299 212
1300 213
1301 214
1302 215
1303 216
1304 217
1305 218
1306 219
1307 220
1308 221
1309 222
1310 223
1311 224
1312 225
1313 226
1314 227
1315 228
1316 229
1317 230
1318 231
1319 232
1320 233
1321 234
1322 235
1323 236
1324 237
1325 238
1326 239
1327 240
1328 241
1329 242
1330 243
1331 244
1332 245
1333 246
1334 247
1335 248
starting to search for 73
1336 247
1337 246
1338 245
1339 244
1340 243
1341 242
1342 241
1343 240
1344 239
1345 238
1346 237
1347 236
1348 235
1349 234
1350 233
1351 232
1352 231
1353 230
1354 229
1355 228
1356 227
1357 226
1358 225
1359 224
1360 223
1361 222
1362 221
1363 220
1364 219
1365 218
1366 217
1367 216
1368 215
1369 214
1370 213
1371 212
1372 211
1373 210
1374 209
1375 208
1376 207
1377 206
1378 205
1379 204
1380 203
1381 202
1382 201
1383 200
1384 199
1385 198
1386 197
1387 196
1388 195
1389 194
1390 193
1391 192
1392 191
1393 190
1394 189
1395 188
1396 187
1397 186
1398 185
1399 184
1400 183
1401 182
1402 181
1403 180
1404 179
1405 178
1406 177
1407 176
1408 175
1409 174
1410 173
1411 172
1412 171
1413 170
1414 169
1415 168
1416 167
1417 166
1418 165
1419 164
1420 163
1421 162
1422 161
1423 160
1424 159
1425 158
1426 157
1427 156
1428 155
1429 154
1430 153
1431 152
1432 151
1433 150
1434 149
1435 148
1436 147
1437 146
1438 145
1439 144
1440 143
1441 142
1442 141
1443 140
1444 139
1445 138
1446 137
1447 136
1448 135
1449 134
1450 133
1451 132
1452 131
1453 130
1454 129
1455 128
1456 127
1457 126
1458 125
1459 124
1460 123
1461 122
1462 121
1463 120
1464 119
1465 118
1466 117
1467 116
1468 115
1469 114
1470 113
1471 112
1472 111
1473 110
1474 109
1475 108
1476 107
1477 106
1478 105
1479 104
1480 103
1481 102
1482 101
1483 100
1484 99
1485 98
1486 97
1487 96
1488 95
1489 94
1490 93
1491 92
1492 91
1493 90
1494 89
1495 88
1496 87
1497 86
1498 85
1499 84
1500 83
1501 82
1502 81
1503 80
1504 79
1505 78
1506 77
1507 76
1508 75
1509 74
1510 73
starting to search for 111
1511 74
1512 75
1513 76
1514 77
1515 78
1516 79
1517 80
1518 81
1519 82
1520 83
1521 84
1522 85
1523 86
1524 87
1525 88
1526 89
1527 90
1528 91
1529 92
1530 93
1531 94
1532 95
1533 96
1534 97
1535 98
1536 99
1537 100
1538 101
1539 102
1540 103
1541 104
1542 105
1543 106
1544 107
1545 108
1546 109
1547 110
1548 111
starting to search for 107
1549 110
1550 109
1551 108
1552 107
starting to search for 57
1553 106
1554 105
1555 104
1556 103
1557 102
1558 101
1559 100
1560 99
1561 98
1562 97
1563 96
1564 95
1565 94
1566 93
1567 92
1568 91
1569 90
1570 89
1571 88
1572 87
1573 86
1574 85
1575 84
1576 83
1577 82
1578 81
1579 80
1580 79
1581 78
1582 77
1583 76
1584 75
1585 74
1586 73
1587 72
1588 71
1589 70
1590 69
1591 68
1592 67
1593 66
1594 65
1595 64
1596 63
1597 62
1598 61
1599 60
1600 59
1601 58
1602 57
starting to search for 72
1603 58
1604 59
1605 60
1606 61
1607 62
1608 63
1609 64
1610 65
1611 66
1612 67
1613 68
1614 69
1615 70
1616 71
1617 72
starting to search for 146
1618 73
1619 74
1620 75
1621 76
1622 77
1623 78
1624 79
1625 80
1626 81
1627 82
1628 83
1629 84
1630 85
1631 86
1632 87
1633 88
1634 89
1635 90
1636 91
1637 92
1638 93
1639 94
1640 95
1641 96
1642 97
1643 98
1644 99
1645 100
1646 101
1647 102
1648 103
1649 104
1650 105
1651 106
1652 107
1653 108
1654 109
1655 110
1656 111
1657 112
1658 113
1659 114
1660 115
1661 116
1662 117
1663 118
1664 119
1665 120
1666 121
1667 122
1668 123
1669 124
1670 125
1671 126
1672 127
1673 128
1674 129
1675 130
1676 131
1677 132
1678 133
1679 134
1680 135
1681 136
1682 137
1683 138
1684 139
1685 140
1686 141
1687 142
1688 143
1689 144
1690 145
1691 146
    0:     1     1   176
    1:   108   176   234
    2:   176   234   347
    3:   177   347   356
    4:   202   356   446
    5:   263   446   626
    6:   327   626   827
    7:   411   827   888
    8:   440   888   990
    9:   453   990  1067
   10:   489  1067  1079
   11:   507  1079  1209
   12:   513  1209  1256
   13:   559  1256  1335
   14:   595  1335  1510
   15:   647  1510  1548
   16:   659  1548  1552
   17:   755  1552  1602
   18:   842  1602  1617
   19:   861  1617  1691
