1205
63273
97141
111113
113215
1490
181254
187126
21164
2731
290296
298144
301198
323291
33686
365130
370126
42367
46184
477171
47893
48721
491164
507239
541129
57980
59224
625164
657104
67570
69953
721254
748172
749136
794111
852204
862299
905265
921191
946276
960275
970155
996266
10035
1016149
1041176
1045146
1050222
1069193
1091275
1118158
11403
1158132
12104
1212163
1273155
128882
129149
129843
1318237
135748
142586
1435210
1478299
1486227
1520248
1523204
1532240
1554110
160339
1611112
1632173
1646214
1678218
172494
1742198
1757145
1823243
1828236
1869146
