1175
70233
106120
12096
122183
1600
193217
199107
22455
2930
310252
318122
321169
344248
36273
388111
393107
45158
49972
508146
50979
51818
523140
538204
575110
61869
62820
662140
69689
71360
73945
767213
790147
791116
83994
903174
913255
959226
976163
1002235
1016234
1026132
1053227
10604
1073127
1099150
1103125
1108190
1128165
1151235
1 0
starting to search for 175
2 1
3 2
4 3
5 4
6 5
7 6
8 7
9 8
10 9
11 10
12 11
13 12
14 13
15 14
16 15
17 16
18 17
19 18
20 19
21 20
22 21
23 22
24 23
25 24
26 25
27 26
28 27
29 28
30 29
31 30
32 31
33 32
34 33
35 34
36 35
37 36
38 37
39 38
40 39
41 40
42 41
43 42
44 43
45 44
46 45
47 46
48 47
49 48
50 49
51 50
52 51
53 52
54 53
55 54
56 55
57 56
58 57
59 58
60 59
61 60
62 61
63 62
64 63
65 64
66 65
67 66
68 67
69 68
70 69
71 70
72 71
73 72
74 73
75 74
76 75
77 76
78 77
79 78
80 79
81 80
82 81
83 82
84 83
85 84
86 85
87 86
88 87
89 88
90 89
91 90
92 91
93 92
94 93
95 94
96 95
97 96
98 97
99 98
100 99
101 100
102 101
103 102
104 103
105 104
106 105
107 106
108 107
109 108
110 109
111 110
112 111
113 112
114 113
115 114
116 115
117 116
118 117
119 118
120 119
121 120
122 121
123 122
124 123
125 124
126 125
127 126
128 127
129 128
130 129
131 130
132 131
133 132
134 133
135 134
136 135
137 136
138 137
139 138
140 139
141 140
142 141
143 142
144 143
145 144
146 145
147 146
148 147
149 148
150 149
151 150
152 151
153 152
154 153
155 154
156 155
157 156
158 157
159 158
160 159
161 160
162 161
163 162
164 163
165 164
166 165
167 166
168 167
169 168
170 169
171 170
172 171
173 172
174 173
175 174
176 175
starting to search for 233
177 176
178 177
179 178
180 179
181 180
182 181
183 182
184 183
185 184
186 185
187 186
188 187
189 188
190 189
191 190
192 191
193 192
194 193
195 194
196 195
197 196
198 197
199 198
200 199
201 200
202 201
203 202
204 203
205 204
206 205
207 206
208 207
209 208
210 209
211 210
212 211
213 212
214 213
215 214
216 215
217 216
218 217
219 218
220 219
221 220
222 221
223 222
224 223
225 224
226 225
227 226
228 227
229 228
230 229
231 230
232 231
233 232
234 233
starting to search for 120
235 232
236 231
237 230
238 229
239 228
240 227
241 226
242 225
243 224
244 223
245 222
246 221
247 220
248 219
249 218
250 217
251 216
252 215
253 214
254 213
255 212
256 211
257 210
258 209
259 208
260 207
261 206
262 205
263 204
264 203
265 202
266 201
267 200
268 199
269 198
270 197
271 196
272 195
273 194
274 193
275 192
276 191
277 190
278 189
279 188
280 187
281 186
282 185
283 184
284 183
285 182
286 181
287 180
288 179
289 178
290 177
291 176
292 175
293 174
294 173
295 172
296 171
297 170
298 169
299 168
300 167
301 166
302 165
303 164
304 163
305 162
306 161
307 160
308 159
309 158
310 157
311 156
312 155
313 154
314 153
315 152
316 151
317 150
318 149
319 148
320 147
321 146
322 145
323 144
324 143
325 142
326 141
327 140
328 139
329 138
330 137
331 136
332 135
333 134
334 133
335 132
336 131
337 130
338 129
339 128
340 127
341 126
342 125
343 124
344 123
345 122
346 121
347 120
starting to search for 96
348 119
349 118
350 117
351 116
352 115
353 114
354 113
355 112
356 111
357 110
358 109
359 108
360 107
361 106
362 105
363 104
364 103
365 102
366 101
367 100
368 99
369 98
370 97
371 96
starting to search for 183
372 97
373 98
374 99
375 100
376 101
377 102
378 103
379 104
380 105
381 106
382 107
383 108
384 109
385 110
386 111
387 112
388 113
389 114
390 115
391 116
392 117
393 118
394 119
395 120
396 121
397 122
398 123
399 124
400 125
401 126
402 127
403 128
404 129
405 130
406 131
407 132
408 133
409 134
410 135
411 136
412 137
413 138
414 139
415 140
416 141
417 142
418 143
419 144
420 145
421 146
422 147
423 148
424 149
425 150
426 151
427 152
428 153
429 154
430 155
431 156
432 157
433 158
434 159
435 160
436 161
437 162
438 163
439 164
440 165
441 166
442 167
443 168
444 169
445 170
446 171
447 172
448 173
449 174
450 175
451 176
452 177
453 178
454 179
455 180
456 181
457 182
458 183
starting to search for 0
459 182
460 181
461 180
462 179
463 178
464 177
465 176
466 175
467 174
468 173
469 172
470 171
471 170
472 169
473 168
474 167
475 166
476 165
477 164
478 163
479 162
480 161
481 160
482 159
483 158
484 157
485 156
486 155
487 154
488 153
489 152
490 151
491 150
492 149
493 148
494 147
495 146
496 145
497 144
498 143
499 142
500 141
501 140
502 139
503 138
504 137
505 136
506 135
507 134
508 133
509 132
510 131
511 130
512 129
513 128
514 127
515 126
516 125
517 124
518 123
519 122
520 121
521 120
522 119
523 118
524 117
525 116
526 115
527 114
528 113
529 112
530 111
531 110
532 109
533 108
534 107
535 106
536 105
537 104
538 103
539 102
540 101
541 100
542 99
543 98
544 97
545 96
546 95
547 94
548 93
549 92
550 91
551 90
552 89
553 88
554 87
555 86
556 85
557 84
558 83
559 82
560 81
561 80
562 79
563 78
564 77
565 76
566 75
567 74
568 73
569 72
570 71
571 70
572 69
573 68
574 67
575 66
576 65
577 64
578 63
579 62
580 61
581 60
582 59
583 58
584 57
585 56
586 55
587 54
588 53
589 52
590 51
591 50
592 49
593 48
594 47
595 46
596 45
597 44
598 43
599 42
600 41
601 40
602 39
603 38
604 37
605 36
606 35
607 34
608 33
609 32
610 31
611 30
612 29
613 28
614 27
615 26
616 25
617 24
618 23
619 22
620 21
621 20
622 19
623 18
624 17
625 16
626 15
627 14
628 13
629 12
630 11
631 10
632 9
633 8
634 7
635 6
636 5
637 4
638 3
639 2
640 1
641 0
starting to search for 217
642 1
643 2
644 3
645 4
646 5
647 6
648 7
649 8
650 9
651 10
652 11
653 12
654 13
655 14
656 15
657 16
658 17
659 18
660 19
661 20
662 21
663 22
664 23
665 24
666 25
667 26
668 27
669 28
670 29
671 30
672 31
673 32
674 33
675 34
676 35
677 36
678 37
679 38
680 39
681 40
682 41
683 42
684 43
685 44
686 45
687 46
688 47
689 48
690 49
691 50
692 51
693 52
694 53
695 54
696 55
697 56
698 57
699 58
700 59
701 60
702 61
703 62
704 63
705 64
706 65
707 66
708 67
709 68
710 69
711 70
712 71
713 72
714 73
715 74
716 75
717 76
718 77
719 78
720 79
721 80
722 81
723 82
724 83
725 84
726 85
727 86
728 87
729 88
730 89
731 90
732 91
733 92
734 93
735 94
736 95
737 96
738 97
739 98
740 99
741 100
742 101
743 102
744 103
745 104
746 105
747 106
748 107
749 108
750 109
751 110
752 111
753 112
754 113
755 114
756 115
757 116
758 117
759 118
760 119
761 120
762 121
763 122
764 123
765 124
766 125
767 126
768 127
769 128
770 129
771 130
772 131
773 132
774 133
775 134
776 135
777 136
778 137
779 138
780 139
781 140
782 141
783 142
784 143
785 144
786 145
787 146
788 147
789 148
790 149
791 150
792 151
793 152
794 153
795 154
796 155
797 156
798 157
799 158
800 159
801 160
802 161
803 162
804 163
805 164
806 165
807 166
808 167
809 168
810 169
811 170
812 171
813 172
814 173
815 174
816 175
817 176
818 177
819 178
820 179
821 180
822 181
823 182
824 183
825 184
826 185
827 186
828 187
829 188
830 189
831 190
832 191
833 192
834 193
835 194
836 195
837 196
838 197
839 198
840 199
841 200
842 201
843 202
844 203
845 204
846 205
847 206
848 207
849 208
850 209
851 210
852 211
853 212
854 213
855 214
856 215
857 216
858 217
starting to search for 107
859 216
860 215
861 214
862 213
863 212
864 211
865 210
866 209
867 208
868 207
869 206
870 205
871 204
872 203
873 202
874 201
875 200
876 199
877 198
878 197
879 196
880 195
881 194
882 193
883 192
884 191
885 190
886 189
887 188
888 187
889 186
890 185
891 184
892 183
893 182
894 181
895 180
896 179
897 178
898 177
899 176
900 175
901 174
902 173
903 172
904 171
905 170
906 169
907 168
908 167
909 166
910 165
911 164
912 163
913 162
914 161
915 160
916 159
917 158
918 157
919 156
920 155
921 154
922 153
923 152
924 151
925 150
926 149
927 148
928 147
929 146
930 145
931 144
932 143
933 142
934 141
935 140
936 139
937 138
938 137
939 136
940 135
941 134
942 133
943 132
944 131
945 130
946 129
947 128
948 127
949 126
950 125
951 124
952 123
953 122
954 121
955 120
956 119
957 118
958 117
959 116
960 115
961 114
962 113
963 112
964 111
965 110
966 109
967 108
968 107
starting to search for 55
969 106
970 105
971 104
972 103
973 102
974 101
975 100
976 99
977 98
978 97
979 96
980 95
981 94
982 93
983 92
984 91
985 90
986 89
987 88
988 87
989 86
990 85
991 84
992 83
993 82
994 81
995 80
996 79
997 78
998 77
999 76
1000 75
1001 74
1002 73
1003 72
1004 71
1005 70
1006 69
1007 68
1008 67
1009 66
1010 65
1011 64
1012 63
1013 62
1014 61
1015 60
1016 59
1017 58
1018 57
1019 56
1020 55
starting to search for 0
1021 54
1022 53
1023 52
1024 51
1025 50
1026 49
1027 48
1028 47
1029 46
1030 45
1031 44
1032 43
1033 42
1034 41
1035 40
1036 39
1037 38
1038 37
1039 36
1040 35
1041 34
1042 33
1043 32
1044 31
1045 30
1046 29
1047 28
1048 27
1049 26
1050 25
1051 24
1052 23
1053 22
1054 21
1055 20
1056 19
1057 18
1058 17
1059 16
1060 15
1061 14
1062 13
1063 12
1064 11
1065 10
1066 9
1067 8
1068 7
1069 6
1070 5
1071 4
1072 3
1073 2
1074 1
1075 0
starting to search for 252
1076 1
1077 2
1078 3
1079 4
1080 5
1081 6
1082 7
1083 8
1084 9
1085 10
1086 11
1087 12
1088 13
1089 14
1090 15
1091 16
1092 17
1093 18
1094 19
1095 20
1096 21
1097 22
1098 23
1099 24
1100 25
1101 26
1102 27
1103 28
1104 29
1105 30
1106 31
1107 32
1108 33
1109 34
1110 35
1111 36
1112 37
1113 38
1114 39
1115 40
1116 41
1117 42
1118 43
1119 44
1120 45
1121 46
1122 47
1123 48
1124 49
1125 50
1126 51
1127 52
1128 53
1129 54
1130 55
1131 56
1132 57
1133 58
1134 59
1135 60
1136 61
1137 62
1138 63
1139 64
1140 65
1141 66
1142 67
1143 68
1144 69
1145 70
1146 71
1147 72
1148 73
1149 74
1150 75
1151 76
1152 77
1153 78
1154 79
1155 80
1156 81
1157 82
1158 83
1159 84
1160 85
1161 86
1162 87
1163 88
1164 89
1165 90
1166 91
1167 92
1168 93
1169 94
1170 95
1171 96
1172 97
1173 98
1174 99
1175 100
1176 101
1177 102
1178 103
1179 104
1180 105
1181 106
1182 107
1183 108
1184 109
1185 110
1186 111
1187 112
1188 113
1189 114
1190 115
1191 116
1192 117
1193 118
1194 119
1195 120
1196 121
1197 122
1198 123
1199 124
1200 125
1201 126
1202 127
1203 128
1204 129
1205 130
1206 131
1207 132
1208 133
1209 134
1210 135
1211 136
1212 137
1213 138
1214 139
1215 140
1216 141
1217 142
1218 143
1219 144
1220 145
1221 146
1222 147
1223 148
1224 149
1225 150
1226 151
1227 152
1228 153
1229 154
1230 155
1231 156
1232 157
1233 158
1234 159
1235 160
1236 161
1237 162
1238 163
1239 164
1240 165
1241 166
1242 167
1243 168
1244 169
1245 170
1246 171
1247 172
1248 173
1249 174
1250 175
1251 176
1252 177
1253 178
1254 179
1255 180
1256 181
1257 182
1258 183
1259 184
1260 185
1261 186
1262 187
1263 188
1264 189
1265 190
1266 191
1267 192
1268 193
1269 194
1270 195
1271 196
1272 197
1273 198
1274 199
1275 200
1276 201
1277 202
1278 203
1279 204
1280 205
1281 206
1282 207
1283 208
1284 209
1285 210
1286 211
1287 212
1288 213
1289 214
1290 215
1291 216
1292 217
1293 218
1294 219
1295 220
1296 221
1297 222
1298 223
1299 224
1300 225
1301 226
1302 227
1303 228
1304 229
1305 230
1306 231
1307 232
1308 233
1309 234
1310 235
1311 236
1312 237
1313 238
1314 239
1315 240
1316 241
1317 242
1318 243
1319 244
1320 245
1321 246
1322 247
1323 248
1324 249
1325 250
1326 251
1327 252
starting to search for 122
1328 251
1329 250
1330 249
1331 248
1332 247
1333 246
1334 245
1335 244
1336 243
1337 242
1338 241
1339 240
1340 239
1341 238
1342 237
1343 236
1344 235
1345 234
1346 233
1347 232
1348 231
1349 230
1350 229
1351 228
1352 227
1353 226
1354 225
1355 224
1356 223
1357 222
1358 221
1359 220
1360 219
1361 218
1362 217
1363 216
1364 215
1365 214
1366 213
1367 212
1368 211
1369 210
1370 209
1371 208
1372 207
1373 206
1374 205
1375 204
1376 203
1377 202
1378 201
1379 200
1380 199
1381 198
1382 197
1383 196
1384 195
1385 194
1386 193
1387 192
1388 191
1389 190
1390 189
1391 188
1392 187
1393 186
1394 185
1395 184
1396 183
1397 182
1398 181
1399 180
1400 179
1401 178
1402 177
1403 176
1404 175
1405 174
1406 173
1407 172
1408 171
1409 170
1410 169
1411 168
1412 167
1413 166
1414 165
1415 164
1416 163
1417 162
1418 161
1419 160
1420 159
1421 158
1422 157
1423 156
1424 155
1425 154
1426 153
1427 152
1428 151
1429 150
1430 149
1431 148
1432 147
1433 146
1434 145
1435 144
1436 143
1437 142
1438 141
1439 140
1440 139
1441 138
1442 137
1443 136
1444 135
1445 134
1446 133
1447 132
1448 131
1449 130
1450 129
1451 128
1452 127
1453 126
1454 125
1455 124
1456 123
1457 122
starting to search for 169
1458 123
1459 124
1460 125
1461 126
1462 127
1463 128
1464 129
1465 130
1466 131
1467 132
1468 133
1469 134
1470 135
1471 136
1472 137
1473 138
1474 139
1475 140
1476 141
1477 142
1478 143
1479 144
1480 145
1481 146
1482 147
1483 148
1484 149
1485 150
1486 151
1487 152
1488 153
1489 154
1490 155
1491 156
1492 157
1493 158
1494 159
1495 160
1496 161
1497 162
1498 163
1499 164
1500 165
1501 166
1502 167
1503 168
1504 169
starting to search for 248
1505 170
1506 171
1507 172
1508 173
1509 174
1510 175
1511 176
1512 177
1513 178
1514 179
1515 180
1516 181
1517 182
1518 183
1519 184
1520 185
1521 186
1522 187
1523 188
1524 189
1525 190
1526 191
1527 192
1528 193
1529 194
1530 195
1531 196
1532 197
1533 198
1534 199
1535 200
1536 201
1537 202
1538 203
1539 204
1540 205
1541 206
1542 207
1543 208
1544 209
1545 210
1546 211
1547 212
1548 213
1549 214
1550 215
1551 216
1552 217
1553 218
1554 219
1555 220
1556 221
1557 222
1558 223
1559 224
1560 225
1561 226
1562 227
1563 228
1564 229
1565 230
1566 231
1567 232
1568 233
1569 234
1570 235
1571 236
1572 237
1573 238
1574 239
1575 240
1576 241
1577 242
1578 243
1579 244
1580 245
1581 246
1582 247
1583 248
starting to search for 73
1584 247
1585 246
1586 245
1587 244
1588 243
1589 242
1590 241
1591 240
1592 239
1593 238
1594 237
1595 236
1596 235
1597 234
1598 233
1599 232
1600 231
1601 230
1602 229
1603 228
1604 227
1605 226
1606 225
1607 224
1608 223
1609 222
1610 221
1611 220
1612 219
1613 218
1614 217
1615 216
1616 215
1617 214
1618 213
1619 212
1620 211
1621 210
1622 209
1623 208
1624 207
1625 206
1626 205
1627 204
1628 203
1629 202
1630 201
1631 200
1632 199
1633 198
1634 197
1635 196
1636 195
1637 194
1638 193
1639 192
1640 191
1641 190
1642 189
1643 188
1644 187
1645 186
1646 185
1647 184
1648 183
1649 182
1650 181
1651 180
1652 179
1653 178
1654 177
1655 176
1656 175
1657 174
1658 173
1659 172
1660 171
1661 170
1662 169
1663 168
1664 167
1665 166
1666 165
1667 164
1668 163
1669 162
1670 161
1671 160
1672 159
1673 158
1674 157
1675 156
1676 155
1677 154
1678 153
1679 152
1680 151
1681 150
1682 149
1683 148
1684 147
1685 146
1686 145
1687 144
1688 143
1689 142
1690 141
1691 140
1692 139
1693 138
1694 137
1695 136
1696 135
1697 134
1698 133
1699 132
1700 131
1701 130
1702 129
1703 128
1704 127
1705 126
1706 125
1707 124
1708 123
1709 122
1710 121
1711 120
1712 119
1713 118
1714 117
1715 116
1716 115
1717 114
1718 113
1719 112
1720 111
1721 110
1722 109
1723 108
1724 107
1725 106
1726 105
1727 104
1728 103
1729 102
1730 101
1731 100
1732 99
1733 98
1734 97
1735 96
1736 95
1737 94
1738 93
1739 92
1740 91
1741 90
1742 89
1743 88
1744 87
1745 86
1746 85
1747 84
1748 83
1749 82
1750 81
1751 80
1752 79
1753 78
1754 77
1755 76
1756 75
1757 74
1758 73
starting to search for 111
1759 74
1760 75
1761 76
1762 77
1763 78
1764 79
1765 80
1766 81
1767 82
1768 83
1769 84
1770 85
1771 86
1772 87
1773 88
1774 89
1775 90
1776 91
1777 92
1778 93
1779 94
1780 95
1781 96
1782 97
1783 98
1784 99
1785 100
1786 101
1787 102
1788 103
1789 104
1790 105
1791 106
1792 107
1793 108
1794 109
1795 110
1796 111
starting to search for 107
1797 110
1798 109
1799 108
1800 107
starting to search for 58
1801 106
1802 105
1803 104
1804 103
1805 102
1806 101
1807 100
1808 99
1809 98
1810 97
1811 96
1812 95
1813 94
1814 93
1815 92
1816 91
1817 90
1818 89
1819 88
1820 87
1821 86
1822 85
1823 84
1824 83
1825 82
1826 81
1827 80
1828 79
1829 78
1830 77
1831 76
1832 75
1833 74
1834 73
1835 72
1836 71
1837 70
1838 69
1839 68
1840 67
1841 66
1842 65
1843 64
1844 63
1845 62
1846 61
1847 60
1848 59
1849 58
starting to search for 72
1850 59
1851 60
1852 61
1853 62
1854 63
1855 64
1856 65
1857 66
1858 67
1859 68
1860 69
1861 70
1862 71
1863 72
starting to search for 146
1864 73
1865 74
1866 75
1867 76
1868 77
1869 78
1870 79
1871 80
1872 81
1873 82
1874 83
1875 84
1876 85
1877 86
1878 87
1879 88
1880 89
1881 90
1882 91
1883 92
1884 93
1885 94
1886 95
1887 96
1888 97
1889 98
1890 99
1891 100
1892 101
1893 102
1894 103
1895 104
1896 105
1897 106
1898 107
1899 108
1900 109
1901 110
1902 111
1903 112
1904 113
1905 114
1906 115
1907 116
1908 117
1909 118
1910 119
1911 120
1912 121
1913 122
1914 123
1915 124
1916 125
1917 126
1918 127
1919 128
1920 129
1921 130
1922 131
1923 132
1924 133
1925 134
1926 135
1927 136
1928 137
1929 138
1930 139
1931 140
1932 141
1933 142
1934 143
1935 144
1936 145
1937 146
starting to search for 79
1938 145
1939 144
1940 143
1941 142
1942 141
1943 140
1944 139
1945 138
1946 137
1947 136
1948 135
1949 134
1950 133
1951 132
1952 131
1953 130
1954 129
1955 128
1956 127
1957 126
1958 125
1959 124
1960 123
1961 122
1962 121
1963 120
1964 119
1965 118
1966 117
1967 116
1968 115
1969 114
1970 113
1971 112
1972 111
1973 110
1974 109
1975 108
1976 107
1977 106
1978 105
1979 104
1980 103
1981 102
1982 101
1983 100
1984 99
1985 98
1986 97
1987 96
1988 95
1989 94
1990 93
1991 92
1992 91
1993 90
1994 89
1995 88
1996 87
1997 86
1998 85
1999 84
2000 83
2001 82
2002 81
2003 80
2004 79
starting to search for 18
2005 78
2006 77
2007 76
2008 75
2009 74
2010 73
2011 72
2012 71
2013 70
2014 69
2015 68
2016 67
2017 66
2018 65
2019 64
2020 63
2021 62
2022 61
2023 60
2024 59
2025 58
2026 57
2027 56
2028 55
2029 54
2030 53
2031 52
2032 51
2033 50
2034 49
2035 48
2036 47
2037 46
2038 45
2039 44
2040 43
2041 42
2042 41
2043 40
2044 39
2045 38
2046 37
2047 36
2048 35
2049 34
2050 33
2051 32
2052 31
2053 30
2054 29
2055 28
2056 27
2057 26
2058 25
2059 24
2060 23
2061 22
2062 21
2063 20
2064 19
2065 18
starting to search for 140
2066 19
2067 20
2068 21
2069 22
2070 23
2071 24
2072 25
2073 26
2074 27
2075 28
2076 29
2077 30
2078 31
2079 32
2080 33
2081 34
2082 35
2083 36
2084 37
2085 38
2086 39
2087 40
2088 41
2089 42
2090 43
2091 44
2092 45
2093 46
2094 47
2095 48
2096 49
2097 50
2098 51
2099 52
2100 53
2101 54
2102 55
2103 56
2104 57
2105 58
2106 59
2107 60
2108 61
2109 62
2110 63
2111 64
2112 65
2113 66
2114 67
2115 68
2116 69
2117 70
2118 71
2119 72
2120 73
2121 74
2122 75
2123 76
2124 77
2125 78
2126 79
2127 80
2128 81
2129 82
2130 83
2131 84
2132 85
2133 86
2134 87
2135 88
2136 89
2137 90
2138 91
2139 92
2140 93
2141 94
2142 95
2143 96
2144 97
2145 98
2146 99
2147 100
2148 101
2149 102
2150 103
2151 104
2152 105
2153 106
2154 107
2155 108
2156 109
2157 110
2158 111
2159 112
2160 113
2161 114
2162 115
2163 116
2164 117
2165 118
2166 119
2167 120
2168 121
2169 122
2170 123
2171 124
2172 125
2173 126
2174 127
2175 128
2176 129
2177 130
2178 131
2179 132
2180 133
2181 134
2182 135
2183 136
2184 137
2185 138
2186 139
2187 140
starting to search for 204
2188 141
2189 142
2190 143
2191 144
2192 145
2193 146
2194 147
2195 148
2196 149
2197 150
2198 151
2199 152
2200 153
2201 154
2202 155
2203 156
2204 157
2205 158
2206 159
2207 160
2208 161
2209 162
2210 163
2211 164
2212 165
2213 166
2214 167
2215 168
2216 169
2217 170
2218 171
2219 172
2220 173
2221 174
2222 175
2223 176
2224 177
2225 178
2226 179
2227 180
2228 181
2229 182
2230 183
2231 184
2232 185
2233 186
2234 187
2235 188
2236 189
2237 190
2238 191
2239 192
2240 193
2241 194
2242 195
2243 196
2244 197
2245 198
2246 199
2247 200
2248 201
2249 202
2250 203
2251 204
starting to search for 110
2252 203
2253 202
2254 201
2255 200
2256 199
2257 198
2258 197
2259 196
2260 195
2261 194
2262 193
2263 192
2264 191
2265 190
2266 189
2267 188
2268 187
2269 186
2270 185
2271 184
2272 183
2273 182
2274 181
2275 180
2276 179
2277 178
2278 177
2279 176
2280 175
2281 174
2282 173
2283 172
2284 171
2285 170
2286 169
2287 168
2288 167
2289 166
2290 165
2291 164
2292 163
2293 162
2294 161
2295 160
2296 159
2297 158
2298 157
2299 156
2300 155
2301 154
2302 153
2303 152
2304 151
2305 150
2306 149
2307 148
2308 147
2309 146
2310 145
2311 144
2312 143
2313 142
2314 141
2315 140
2316 139
2317 138
2318 137
2319 136
2320 135
2321 134
2322 133
2323 132
2324 131
2325 130
2326 129
2327 128
2328 127
2329 126
2330 125
2331 124
2332 123
2333 122
2334 121
2335 120
2336 119
2337 118
2338 117
2339 116
2340 115
2341 114
2342 113
2343 112
2344 111
2345 110
starting to search for 69
2346 109
2347 108
2348 107
2349 106
2350 105
2351 104
2352 103
2353 102
2354 101
2355 100
2356 99
2357 98
2358 97
2359 96
2360 95
2361 94
2362 93
2363 92
2364 91
2365 90
2366 89
2367 88
2368 87
2369 86
2370 85
2371 84
2372 83
2373 82
2374 81
2375 80
2376 79
2377 78
2378 77
2379 76
2380 75
2381 74
2382 73
2383 72
2384 71
2385 70
2386 69
starting to search for 20
2387 68
2388 67
2389 66
2390 65
2391 64
2392 63
2393 62
2394 61
2395 60
2396 59
2397 58
2398 57
2399 56
2400 55
2401 54
2402 53
2403 52
2404 51
2405 50
2406 49
2407 48
2408 47
2409 46
2410 45
2411 44
2412 43
2413 42
2414 41
2415 40
2416 39
2417 38
2418 37
2419 36
2420 35
2421 34
2422 33
2423 32
2424 31
2425 30
2426 29
2427 28
2428 27
2429 26
2430 25
2431 24
2432 23
2433 22
2434 21
2435 20
starting to search for 140
2436 21
2437 22
2438 23
2439 24
2440 25
2441 26
2442 27
2443 28
2444 29
2445 30
2446 31
2447 32
2448 33
2449 34
2450 35
2451 36
2452 37
2453 38
2454 39
2455 40
2456 41
2457 42
2458 43
2459 44
2460 45
2461 46
2462 47
2463 48
2464 49
2465 50
2466 51
2467 52
2468 53
2469 54
2470 55
2471 56
2472 57
2473 58
2474 59
2475 60
2476 61
2477 62
2478 63
2479 64
2480 65
2481 66
2482 67
2483 68
2484 69
2485 70
2486 71
2487 72
2488 73
2489 74
2490 75
2491 76
2492 77
2493 78
2494 79
2495 80
2496 81
2497 82
2498 83
2499 84
2500 85
2501 86
2502 87
2503 88
2504 89
2505 90
2506 91
2507 92
2508 93
2509 94
2510 95
2511 96
2512 97
2513 98
2514 99
2515 100
2516 101
2517 102
2518 103
2519 104
2520 105
2521 106
2522 107
2523 108
2524 109
2525 110
2526 111
2527 112
2528 113
2529 114
2530 115
2531 116
2532 117
2533 118
2534 119
2535 120
2536 121
2537 122
2538 123
2539 124
2540 125
2541 126
2542 127
2543 128
2544 129
2545 130
2546 131
2547 132
2548 133
2549 134
2550 135
2551 136
2552 137
2553 138
2554 139
2555 140
starting to search for 89
2556 139
2557 138
2558 137
2559 136
2560 135
2561 134
2562 133
2563 132
2564 131
2565 130
2566 129
2567 128
2568 127
2569 126
2570 125
2571 124
2572 123
2573 122
2574 121
2575 120
2576 119
2577 118
2578 117
2579 116
2580 115
2581 114
2582 113
2583 112
2584 111
2585 110
2586 109
2587 108
2588 107
2589 106
2590 105
2591 104
2592 103
2593 102
2594 101
2595 100
2596 99
2597 98
2598 97
2599 96
2600 95
2601 94
2602 93
2603 92
2604 91
2605 90
2606 89
starting to search for 60
2607 88
2608 87
2609 86
2610 85
2611 84
2612 83
2613 82
2614 81
2615 80
2616 79
2617 78
2618 77
2619 76
2620 75
2621 74
2622 73
2623 72
2624 71
2625 70
2626 69
2627 68
2628 67
2629 66
2630 65
2631 64
2632 63
2633 62
2634 61
2635 60
starting to search for 45
2636 59
2637 58
2638 57
2639 56
2640 55
2641 54
2642 53
2643 52
2644 51
2645 50
2646 49
2647 48
2648 47
2649 46
2650 45
starting to search for 213
2651 46
2652 47
2653 48
2654 49
2655 50
2656 51
2657 52
2658 53
2659 54
2660 55
2661 56
2662 57
2663 58
2664 59
2665 60
2666 61
2667 62
2668 63
2669 64
2670 65
2671 66
2672 67
2673 68
2674 69
2675 70
2676 71
2677 72
2678 73
2679 74
2680 75
2681 76
2682 77
2683 78
2684 79
2685 80
2686 81
2687 82
2688 83
2689 84
2690 85
2691 86
2692 87
2693 88
2694 89
2695 90
2696 91
2697 92
2698 93
2699 94
2700 95
2701 96
2702 97
2703 98
2704 99
2705 100
2706 101
2707 102
2708 103
2709 104
2710 105
2711 106
2712 107
2713 108
2714 109
2715 110
2716 111
2717 112
2718 113
2719 114
2720 115
2721 116
2722 117
2723 118
2724 119
2725 120
2726 121
2727 122
2728 123
2729 124
2730 125
2731 126
2732 127
2733 128
2734 129
2735 130
2736 131
2737 132
2738 133
2739 134
2740 135
2741 136
2742 137
2743 138
2744 139
2745 140
2746 141
2747 142
2748 143
2749 144
2750 145
2751 146
2752 147
2753 148
2754 149
2755 150
2756 151
2757 152
2758 153
2759 154
2760 155
2761 156
2762 157
2763 158
2764 159
2765 160
2766 161
2767 162
2768 163
2769 164
2770 165
2771 166
2772 167
2773 168
2774 169
2775 170
2776 171
2777 172
2778 173
2779 174
2780 175
2781 176
2782 177
2783 178
2784 179
2785 180
2786 181
2787 182
2788 183
2789 184
2790 185
2791 186
2792 187
2793 188
2794 189
2795 190
2796 191
2797 192
2798 193
2799 194
2800 195
2801 196
2802 197
2803 198
2804 199
2805 200
2806 201
2807 202
2808 203
2809 204
2810 205
2811 206
2812 207
2813 208
2814 209
2815 210
2816 211
2817 212
2818 213
starting to search for 147
2819 212
2820 211
2821 210
2822 209
2823 208
2824 207
2825 206
2826 205
2827 204
2828 203
2829 202
2830 201
2831 200
2832 199
2833 198
2834 197
2835 196
2836 195
2837 194
2838 193
2839 192
2840 191
2841 190
2842 189
2843 188
2844 187
2845 186
2846 185
2847 184
2848 183
2849 182
2850 181
2851 180
2852 179
2853 178
2854 177
2855 176
2856 175
2857 174
2858 173
2859 172
2860 171
2861 170
2862 169
2863 168
2864 167
2865 166
2866 165
2867 164
2868 163
2869 162
2870 161
2871 160
2872 159
2873 158
2874 157
2875 156
2876 155
2877 154
2878 153
2879 152
2880 151
2881 150
2882 149
2883 148
2884 147
starting to search for 116
2885 146
2886 145
2887 144
2888 143
2889 142
2890 141
2891 140
2892 139
2893 138
2894 137
2895 136
2896 135
2897 134
2898 133
2899 132
2900 131
2901 130
2902 129
2903 128
2904 127
2905 126
2906 125
2907 124
2908 123
2909 122
2910 121
2911 120
2912 119
2913 118
2914 117
2915 116
starting to search for 94
2916 115
2917 114
2918 113
2919 112
2920 111
2921 110
2922 109
2923 108
2924 107
2925 106
2926 105
2927 104
2928 103
2929 102
2930 101
2931 100
2932 99
2933 98
2934 97
2935 96
2936 95
2937 94
starting to search for 174
2938 95
2939 96
2940 97
2941 98
2942 99
2943 100
2944 101
2945 102
2946 103
2947 104
2948 105
2949 106
2950 107
2951 108
2952 109
2953 110
2954 111
2955 112
2956 113
2957 114
2958 115
2959 116
2960 117
2961 118
2962 119
2963 120
2964 121
2965 122
2966 123
2967 124
2968 125
2969 126
2970 127
2971 128
2972 129
2973 130
2974 131
2975 132
2976 133
2977 134
2978 135
2979 136
2980 137
2981 138
2982 139
2983 140
2984 141
2985 142
2986 143
2987 144
2988 145
2989 146
2990 147
2991 148
2992 149
2993 150
2994 151
2995 152
2996 153
2997 154
2998 155
2999 156
3000 157
3001 158
3002 159
3003 160
3004 161
3005 162
3006 163
3007 164
3008 165
3009 166
3010 167
3011 168
3012 169
3013 170
3014 171
3015 172
3016 173
3017 174
starting to search for 255
3018 175
3019 176
3020 177
3021 178
3022 179
3023 180
3024 181
3025 182
3026 183
3027 184
3028 185
3029 186
3030 187
3031 188
3032 189
3033 190
3034 191
3035 192
3036 193
3037 194
3038 195
3039 196
3040 197
3041 198
3042 199
3043 200
3044 201
3045 202
3046 203
3047 204
3048 205
3049 206
3050 207
3051 208
3052 209
3053 210
3054 211
3055 212
3056 213
3057 214
3058 215
3059 216
3060 217
3061 218
3062 219
3063 220
3064 221
3065 222
3066 223
3067 224
3068 225
3069 226
3070 227
3071 228
3072 229
3073 230
3074 231
3075 232
3076 233
3077 234
3078 235
3079 236
3080 237
3081 238
3082 239
3083 240
3084 241
3085 242
3086 243
3087 244
3088 245
3089 246
3090 247
3091 248
3092 249
3093 250
3094 251
3095 252
3096 253
3097 254
3098 255
starting to search for 226
3099 254
3100 253
3101 252
3102 251
3103 250
3104 249
3105 248
3106 247
3107 246
3108 245
3109 244
3110 243
3111 242
3112 241
3113 240
3114 239
3115 238
3116 237
3117 236
3118 235
3119 234
3120 233
3121 232
3122 231
3123 230
3124 229
3125 228
3126 227
3127 226
starting to search for 163
3128 225
3129 224
3130 223
3131 222
3132 221
3133 220
3134 219
3135 218
3136 217
3137 216
3138 215
3139 214
3140 213
3141 212
3142 211
3143 210
3144 209
3145 208
3146 207
3147 206
3148 205
3149 204
3150 203
3151 202
3152 201
3153 200
3154 199
3155 198
3156 197
3157 196
3158 195
3159 194
3160 193
3161 192
3162 191
3163 190
3164 189
3165 188
3166 187
3167 186
3168 185
3169 184
3170 183
3171 182
3172 181
3173 180
3174 179
3175 178
3176 177
3177 176
3178 175
3179 174
3180 173
3181 172
3182 171
3183 170
3184 169
3185 168
3186 167
3187 166
3188 165
3189 164
3190 163
starting to search for 235
3191 164
3192 165
3193 166
3194 167
3195 168
3196 169
3197 170
3198 171
3199 172
3200 173
3201 174
3202 175
3203 176
3204 177
3205 178
3206 179
3207 180
3208 181
3209 182
3210 183
3211 184
3212 185
3213 186
3214 187
3215 188
3216 189
3217 190
3218 191
3219 192
3220 193
3221 194
3222 195
3223 196
3224 197
3225 198
3226 199
3227 200
3228 201
3229 202
3230 203
3231 204
3232 205
3233 206
3234 207
3235 208
3236 209
3237 210
3238 211
3239 212
3240 213
3241 214
3242 215
3243 216
3244 217
3245 218
3246 219
3247 220
3248 221
3249 222
3250 223
3251 224
3252 225
3253 226
3254 227
3255 228
3256 229
3257 230
3258 231
3259 232
3260 233
3261 234
3262 235
starting to search for 234
3263 234
starting to search for 132
3264 233
3265 232
3266 231
3267 230
3268 229
3269 228
3270 227
3271 226
3272 225
3273 224
3274 223
3275 222
3276 221
3277 220
3278 219
3279 218
3280 217
3281 216
3282 215
3283 214
3284 213
3285 212
3286 211
3287 210
3288 209
3289 208
3290 207
3291 206
3292 205
3293 204
3294 203
3295 202
3296 201
3297 200
3298 199
3299 198
3300 197
3301 196
3302 195
3303 194
3304 193
3305 192
3306 191
3307 190
3308 189
3309 188
3310 187
3311 186
3312 185
3313 184
3314 183
3315 182
3316 181
3317 180
3318 179
3319 178
3320 177
3321 176
3322 175
3323 174
3324 173
3325 172
3326 171
3327 170
3328 169
3329 168
3330 167
3331 166
3332 165
3333 164
3334 163
3335 162
3336 161
3337 160
3338 159
3339 158
3340 157
3341 156
3342 155
3343 154
3344 153
3345 152
3346 151
3347 150
3348 149
3349 148
3350 147
3351 146
3352 145
3353 144
3354 143
3355 142
3356 141
3357 140
3358 139
3359 138
3360 137
3361 136
3362 135
3363 134
3364 133
3365 132
starting to search for 227
3366 133
3367 134
3368 135
3369 136
3370 137
3371 138
3372 139
3373 140
3374 141
3375 142
3376 143
3377 144
3378 145
3379 146
3380 147
3381 148
3382 149
3383 150
3384 151
3385 152
3386 153
3387 154
3388 155
3389 156
3390 157
3391 158
3392 159
3393 160
3394 161
3395 162
3396 163
3397 164
3398 165
3399 166
3400 167
3401 168
3402 169
3403 170
3404 171
3405 172
3406 173
3407 174
3408 175
3409 176
3410 177
3411 178
3412 179
3413 180
3414 181
3415 182
3416 183
3417 184
3418 185
3419 186
3420 187
3421 188
3422 189
3423 190
3424 191
3425 192
3426 193
3427 194
3428 195
3429 196
3430 197
3431 198
3432 199
3433 200
3434 201
3435 202
3436 203
3437 204
3438 205
3439 206
3440 207
3441 208
3442 209
3443 210
3444 211
3445 212
3446 213
3447 214
3448 215
3449 216
3450 217
3451 218
3452 219
3453 220
3454 221
3455 222
3456 223
3457 224
3458 225
3459 226
3460 227
starting to search for 4
3461 226
3462 225
3463 224
3464 223
3465 222
3466 221
3467 220
3468 219
3469 218
3470 217
3471 216
3472 215
3473 214
3474 213
3475 212
3476 211
3477 210
3478 209
3479 208
3480 207
3481 206
3482 205
3483 204
3484 203
3485 202
3486 201
3487 200
3488 199
3489 198
3490 197
3491 196
3492 195
3493 194
3494 193
3495 192
3496 191
3497 190
3498 189
3499 188
3500 187
3501 186
3502 185
3503 184
3504 183
3505 182
3506 181
3507 180
3508 179
3509 178
3510 177
3511 176
3512 175
3513 174
3514 173
3515 172
3516 171
3517 170
3518 169
3519 168
3520 167
3521 166
3522 165
3523 164
3524 163
3525 162
3526 161
3527 160
3528 159
3529 158
3530 157
3531 156
3532 155
3533 154
3534 153
3535 152
3536 151
3537 150
3538 149
3539 148
3540 147
3541 146
3542 145
3543 144
3544 143
3545 142
3546 141
3547 140
3548 139
3549 138
3550 137
3551 136
3552 135
3553 134
3554 133
3555 132
3556 131
3557 130
3558 129
3559 128
3560 127
3561 126
3562 125
3563 124
3564 123
3565 122
3566 121
3567 120
3568 119
3569 118
3570 117
3571 116
3572 115
3573 114
3574 113
3575 112
3576 111
3577 110
3578 109
3579 108
3580 107
3581 106
3582 105
3583 104
3584 103
3585 102
3586 101
3587 100
3588 99
3589 98
3590 97
3591 96
3592 95
3593 94
3594 93
3595 92
3596 91
3597 90
3598 89
3599 88
3600 87
3601 86
3602 85
3603 84
3604 83
3605 82
3606 81
3607 80
3608 79
3609 78
3610 77
3611 76
3612 75
3613 74
3614 73
3615 72
3616 71
3617 70
3618 69
3619 68
3620 67
3621 66
3622 65
3623 64
3624 63
3625 62
3626 61
3627 60
3628 59
3629 58
3630 57
3631 56
3632 55
3633 54
3634 53
3635 52
3636 51
3637 50
3638 49
3639 48
3640 47
3641 46
3642 45
3643 44
3644 43
3645 42
3646 41
3647 40
3648 39
3649 38
3650 37
3651 36
3652 35
3653 34
3654 33
3655 32
3656 31
3657 30
3658 29
3659 28
3660 27
3661 26
3662 25
3663 24
3664 23
3665 22
3666 21
3667 20
3668 19
3669 18
3670 17
3671 16
3672 15
3673 14
3674 13
3675 12
3676 11
3677 10
3678 9
3679 8
3680 7
3681 6
3682 5
3683 4
starting to search for 127
3684 5
3685 6
3686 7
3687 8
3688 9
3689 10
3690 11
3691 12
3692 13
3693 14
3694 15
3695 16
3696 17
3697 18
3698 19
3699 20
3700 21
3701 22
3702 23
3703 24
3704 25
3705 26
3706 27
3707 28
3708 29
3709 30
3710 31
3711 32
3712 33
3713 34
3714 35
3715 36
3716 37
3717 38
3718 39
3719 40
3720 41
3721 42
3722 43
3723 44
3724 45
3725 46
3726 47
3727 48
3728 49
3729 50
3730 51
3731 52
3732 53
3733 54
3734 55
3735 56
3736 57
3737 58
3738 59
3739 60
3740 61
3741 62
3742 63
3743 64
3744 65
3745 66
3746 67
3747 68
3748 69
3749 70
3750 71
3751 72
3752 73
3753 74
3754 75
3755 76
3756 77
3757 78
3758 79
3759 80
3760 81
3761 82
3762 83
3763 84
3764 85
3765 86
3766 87
3767 88
3768 89
3769 90
3770 91
3771 92
3772 93
3773 94
3774 95
3775 96
3776 97
3777 98
3778 99
3779 100
3780 101
3781 102
3782 103
3783 104
3784 105
3785 106
3786 107
3787 108
3788 109
3789 110
3790 111
3791 112
3792 113
3793 114
3794 115
3795 116
3796 117
3797 118
3798 119
3799 120
3800 121
3801 122
3802 123
3803 124
3804 125
3805 126
3806 127
starting to search for 150
3807 128
3808 129
3809 130
3810 131
3811 132
3812 133
3813 134
3814 135
3815 136
3816 137
3817 138
3818 139
3819 140
3820 141
3821 142
3822 143
3823 144
3824 145
3825 146
3826 147
3827 148
3828 149
3829 150
starting to search for 125
3830 149
3831 148
3832 147
3833 146
3834 145
3835 144
3836 143
3837 142
3838 141
3839 140
3840 139
3841 138
3842 137
3843 136
3844 135
3845 134
3846 133
3847 132
3848 131
3849 130
3850 129
3851 128
3852 127
3853 126
3854 125
starting to search for 190
3855 126
3856 127
3857 128
3858 129
3859 130
3860 131
3861 132
3862 133
3863 134
3864 135
3865 136
3866 137
3867 138
3868 139
3869 140
3870 141
3871 142
3872 143
3873 144
3874 145
3875 146
3876 147
3877 148
3878 149
3879 150
3880 151
3881 152
3882 153
3883 154
3884 155
3885 156
3886 157
3887 158
3888 159
3889 160
3890 161
3891 162
3892 163
3893 164
3894 165
3895 166
3896 167
3897 168
3898 169
3899 170
3900 171
3901 172
3902 173
3903 174
3904 175
3905 176
3906 177
3907 178
3908 179
3909 180
3910 181
3911 182
3912 183
3913 184
3914 185
3915 186
3916 187
3917 188
3918 189
3919 190
starting to search for 165
3920 189
3921 188
3922 187
3923 186
3924 185
3925 184
3926 183
3927 182
3928 181
3929 180
3930 179
3931 178
3932 177
3933 176
3934 175
3935 174
3936 173
3937 172
3938 171
3939 170
3940 169
3941 168
3942 167
3943 166
3944 165
starting to search for 235
3945 166
3946 167
3947 168
3948 169
3949 170
3950 171
3951 172
3952 173
3953 174
3954 175
3955 176
3956 177
3957 178
3958 179
3959 180
3960 181
3961 182
3962 183
3963 184
3964 185
3965 186
3966 187
3967 188
3968 189
3969 190
3970 191
3971 192
3972 193
3973 194
3974 195
3975 196
3976 197
3977 198
3978 199
3979 200
3980 201
3981 202
3982 203
3983 204
3984 205
3985 206
3986 207
3987 208
3988 209
3989 210
3990 211
3991 212
3992 213
3993 214
3994 215
3995 216
3996 217
3997 218
3998 219
3999 220
4000 221
4001 222
4002 223
4003 224
4004 225
4005 226
4006 227
4007 228
4008 229
4009 230
4010 231
4011 232
4012 233
4013 234
4014 235
    0:     1     1   176
    1:    70   176   234
    2:   106   234   347
    3:   120   347   371
    4:   122   371   458
    5:   160   458   641
    6:   193   641   858
    7:   199   858   968
    8:   224   968  1020
    9:   293  1020  1075
   10:   310  1075  1327
   11:   318  1327  1457
   12:   321  1457  1504
   13:   344  1504  1583
   14:   362  1583  1758
   15:   388  1758  1796
   16:   393  1796  1800
   17:   451  1800  1849
   18:   499  1849  1863
   19:   508  1863  1937
   20:   509  1937  2004
   21:   518  2004  2065
   22:   523  2065  2187
   23:   538  2187  2251
   24:   575  2251  2345
   25:   618  2345  2386
   26:   628  2386  2435
   27:   662  2435  2555
   28:   696  2555  2606
   29:   713  2606  2635
   30:   739  2635  2650
   31:   767  2650  2818
   32:   790  2818  2884
   33:   791  2884  2915
   34:   839  2915  2937
   35:   903  2937  3017
   36:   913  3017  3098
   37:   959  3098  3127
   38:   976  3127  3190
   39:  1002  3190  3262
   40:  1016  3262  3263
   41:  1026  3263  3365
   42:  1053  3365  3460
   43:  1060  3460  3683
   44:  1073  3683  3806
   45:  1099  3806  3829
   46:  1103  3829  3854
   47:  1108  3854  3919
   48:  1128  3919  3944
   49:  1151  3944  4014
