1350
80466
120240
136193
138367
1811
2180
271122
286326
292480
312505
321245
324338
343497
368147
398222
401215
471115
525144
533293
537159
54736
551280
570408
610220
655138
67041
709280
747178
767121
79591
826427
852294
853233
908189
982348
993510
1045453
1064326
1093471
1109469
1120265
1151455
11598
1173254
1203301
1208250
1213380
1235330
1261470
1292269
13185
1339226
14037
1405278
1482264
1499140
150066
1505151
1509293
1553409
1558491
1567180
1601429
1764154
1804343
1854183
1886180
1931296
1944450
1947154
1961299
1985222
2020379
2057440
2067267
2097244
2115485
216595
2209423
2228279
2247162
231392
2344360
238419
2409451
2420503
2437470
245292
248275
2483499
2514359
253273
2560144
2571224
2574423
2689311
2693454
2737418
2762279
