1685
208910
323470
325435
36482
465786
5411
719239
764638
784939
841987
868480
879661
933972
1008287
1095433
1113420
1292226
1443282
1473573
1478311
150870
1522547
1577797
1692431
1819269
186380
1974548
2083348
2143236
2225179
2285834
2389574
2394455
2546370
2548926
2640337
2933840
3100489
3182648
3373437
3562340
3621667
3790260
3791409
3847653
3919167
3974189
4083549
4167599
4357674
4418601
4478441
464213
4658544
4861517
4911275
4914129
4928296
4941573
5066799
5080960
5108351
5206838
5497302
5610671
5749358
5841353
5969578
6006880
6016302
6057584
6127433
6228741
6333860
6364522
6451478
6505949
6645186
6768826
