187
24116
4460
5248
5390
721
90108
9553
11128
1330
1 0
starting to search for 87
2 1
3 2
4 3
5 4
6 5
7 6
8 7
9 8
10 9
11 10
12 11
13 12
14 13
15 14
16 15
17 16
18 17
19 18
20 19
21 20
22 21
23 22
24 23
25 24
26 25
27 26
28 27
29 28
30 29
31 30
32 31
33 32
34 33
35 34
36 35
37 36
38 37
39 38
40 39
41 40
42 41
43 42
44 43
45 44
46 45
47 46
48 47
49 48
50 49
51 50
52 51
53 52
54 53
55 54
56 55
57 56
58 57
59 58
60 59
61 60
62 61
63 62
64 63
65 64
66 65
67 66
68 67
69 68
70 69
71 70
72 71
73 72
74 73
75 74
76 75
77 76
78 77
79 78
80 79
81 80
82 81
83 82
84 83
85 84
86 85
87 86
88 87
starting to search for 116
89 88
90 89
91 90
92 91
93 92
94 93
95 94
96 95
97 96
98 97
99 98
100 99
101 100
102 101
103 102
104 103
105 104
106 105
107 106
108 107
109 108
110 109
111 110
112 111
113 112
114 113
115 114
116 115
117 116
starting to search for 60
118 115
119 114
120 113
121 112
122 111
123 110
124 109
125 108
126 107
127 106
128 105
129 104
130 103
131 102
132 101
133 100
134 99
135 98
136 97
137 96
138 95
139 94
140 93
141 92
142 91
143 90
144 89
145 88
146 87
147 86
148 85
149 84
150 83
151 82
152 81
153 80
154 79
155 78
156 77
157 76
158 75
159 74
160 73
161 72
162 71
163 70
164 69
165 68
166 67
167 66
168 65
169 64
170 63
171 62
172 61
173 60
starting to search for 48
174 59
175 58
176 57
177 56
178 55
179 54
180 53
181 52
182 51
183 50
184 49
185 48
starting to search for 90
186 49
187 50
188 51
189 52
190 53
191 54
192 55
193 56
194 57
195 58
196 59
197 60
198 61
199 62
200 63
201 64
202 65
203 66
204 67
205 68
206 69
207 70
208 71
209 72
210 73
211 74
212 75
213 76
214 77
215 78
216 79
217 80
218 81
219 82
220 83
221 84
222 85
223 86
224 87
225 88
226 89
227 90
starting to search for 1
228 89
229 88
230 87
231 86
232 85
233 84
234 83
235 82
236 81
237 80
238 79
239 78
240 77
241 76
242 75
243 74
244 73
245 72
246 71
247 70
248 69
249 68
250 67
251 66
252 65
253 64
254 63
255 62
256 61
257 60
258 59
259 58
260 57
261 56
262 55
263 54
264 53
265 52
266 51
267 50
268 49
269 48
270 47
271 46
272 45
273 44
274 43
275 42
276 41
277 40
278 39
279 38
280 37
281 36
282 35
283 34
284 33
285 32
286 31
287 30
288 29
289 28
290 27
291 26
292 25
293 24
294 23
295 22
296 21
297 20
298 19
299 18
300 17
301 16
302 15
303 14
304 13
305 12
306 11
307 10
308 9
309 8
310 7
311 6
312 5
313 4
314 3
315 2
316 1
starting to search for 108
317 2
318 3
319 4
320 5
321 6
322 7
323 8
324 9
325 10
326 11
327 12
328 13
329 14
330 15
331 16
332 17
333 18
334 19
335 20
336 21
337 22
338 23
339 24
340 25
341 26
342 27
343 28
344 29
345 30
346 31
347 32
348 33
349 34
350 35
351 36
352 37
353 38
354 39
355 40
356 41
357 42
358 43
359 44
360 45
361 46
362 47
363 48
364 49
365 50
366 51
367 52
368 53
369 54
370 55
371 56
372 57
373 58
374 59
375 60
376 61
377 62
378 63
379 64
380 65
381 66
382 67
383 68
384 69
385 70
386 71
387 72
388 73
389 74
390 75
391 76
392 77
393 78
394 79
395 80
396 81
397 82
398 83
399 84
400 85
401 86
402 87
403 88
404 89
405 90
406 91
407 92
408 93
409 94
410 95
411 96
412 97
413 98
414 99
415 100
416 101
417 102
418 103
419 104
420 105
421 106
422 107
423 108
starting to search for 53
424 107
425 106
426 105
427 104
428 103
429 102
430 101
431 100
432 99
433 98
434 97
435 96
436 95
437 94
438 93
439 92
440 91
441 90
442 89
443 88
444 87
445 86
446 85
447 84
448 83
449 82
450 81
451 80
452 79
453 78
454 77
455 76
456 75
457 74
458 73
459 72
460 71
461 70
462 69
463 68
464 67
465 66
466 65
467 64
468 63
469 62
470 61
471 60
472 59
473 58
474 57
475 56
476 55
477 54
478 53
starting to search for 28
479 52
480 51
481 50
482 49
483 48
484 47
485 46
486 45
487 44
488 43
489 42
490 41
491 40
492 39
493 38
494 37
495 36
496 35
497 34
498 33
499 32
500 31
501 30
502 29
503 28
starting to search for 0
504 27
505 26
506 25
507 24
508 23
509 22
510 21
511 20
512 19
513 18
514 17
515 16
516 15
517 14
518 13
519 12
520 11
521 10
522 9
523 8
524 7
525 6
526 5
527 4
528 3
529 2
530 1
531 0
    0:     1     1    88
    1:    24    88   117
    2:    44   117   173
    3:    52   173   185
    4:    53   185   227
    5:    72   227   316
    6:    90   316   423
    7:    95   423   478
    8:   111   478   503
    9:   133   503   531
