1350
122466
195240
196222
21242
287402
3450
447122
476326
489480
527505
545245
552338
600497
616147
672222
704215
812115
906144
926293
930159
95036
959280
995408
1068220
1148138
117741
1248280
1318178
1357121
141091
1468427
1516294
1519233
1613189
1614474
1674172
1825430
1927250
1980331
2094223
2207174
2246341
2349133
2377254
2433301
2443250
2454380
2496330
2544470
2603269
26525
2692226
27977
2801278
2920264
2953140
295566
2964151
2972293
3051409
3060491
3078180
3141429
3291154
3363343
3450183
3510180
3591296
3616450
3623154
3650299
3696222
3761379
3828440
3848267
3905244
3940485
402795
4105423
4141279
4178162
428692
4344360
441619
4463451
4485503
4519470
454892
460475
4606499
4664359
469678
4751144
4773224
4779423
4921311
4929454
5007418
5054279
514890
5178100
5187457
5193295
5197396
526358
5334201
5418104
5460239
5496453
5604305
5669454
5681439
5756508
5815187
5856272
5898495
5965359
6060431
6078478
61291
6131188
6158442
6203482
622529
6312121
6368277
6375439
6403460
649639
6513199
6563412
6587172
6625111
6636402
6645408
6723103
673394
6736377
6743203
6823489
6876230
6913388
6933460
698982
7128471
7171300
7238464
7353120
736053
7361142
7469414
750436
7653279
773562
7858309
7862296
7865294
7887186
7922508
7962232
807438
8076329
8218494
831856
8322460
8348498
8412444
8414361
8443437
8530183
8563463
8683263
8718139
8818489
8835206
886393
8898231
8984236
9013360
9058249
9107491
9140161
9227259
9228123
9252434
9300419
9371274
9393119
9476108
948739
9537307
955348
955643
9599240
967865
9806202
9811214
9875469
9990374
9999146
10045388
10051169
10070225
1011453
10169387
10180136
10204225
10228209
10268470
10368162
10370427
1043469
10450216
1045291
10461107
10495374
10629292
10632135
10684189
10741197
10784476
10854508
1087378
10912108
10913428
10929443
10971201
10978496
11010152
11017335
11090437
11142171
11255455
11278280
112945
11413414
11535346
11616121
11703164
11735440
11744362
11811361
11816432
11875280
11883408
11895464
11951423
11966293
12031302
12038499
1208727
12164279
12232300
12309286
12418117
1244733
1256774
1264219
12788227
1283568
12850403
12852459
12903145
12937170
13036302
13056244
1311047
13111192
13170412
13290300
13292182
13347498
13384215
13420443
13468320
13474197
135314
13657244
13679422
13683330
13703366
13772167
13777214
1378414
13794196
1385071
1395240
13961192
14085383
1408868
1414633
14154317
14196241
14228313
14234383
14255438
14259214
14276106
14308143
14333425
14453263
145189
1457547
14707212
1471210
14754390
14759350
14785322
14794424
14809140
14855292
14862335
15008207
15104223
15164122
15181319
15253503
15307215
15311310
1540086
15452196
15570365
15574161
15597115
15605300
15642370
15651323
1567775
15679124
15726368
15761436
15784121
15873504
15929466
15976253
15980111
160806
16198486
16220140
16230242
16325346
163379
16357295
16367175
16452384
16455155
16504208
16546225
16573102
16596503
16658220
16670294
1670267
16742395
16770358
16785137
16811227
16829350
16830233
16831431
1684347
16851415
16888351
16904457
17007307
17107298
1710839
17117243
17130349
17145315
17171253
17273389
1739488
17426493
17478243
17560427
17605487
1766035
17714460
17845269
17882429
17888272
18000137
18007487
18023380
18045385
1809749
18158411
18200335
182309
18263136
18310212
18422335
18425416
18476297
18496234
18557432
18582491
18675256
1878556
18800126
18896447
18919284
18978453
1899156
19099344
19125251
19130149
1913872
19144391
19210214
19223212
19239305
1926460
19269147
19283175
1932446
19337448
19391458
19464438
19521271
1954780
19598345
19617389
1969434
19730101
19748461
19781453
19798296
19940289
20022167
20027459
20069499
20111225
20179205
20211476
20298286
20341258
20436159
20454475
20534247
20547357
2067152
20809269
20824277
20836211
20890118
21019314
21095203
2111889
21209385
21215345
21235336
2124688
21380237
21386392
21410163
21544457
21574226
21603260
21745385
21858319
22001449
22016388
22033301
2215261
2217521
22255335
22317499
22404342
22435476
22466198
22481461
22499344
22522359
22533167
2256651
22692225
2283196
22843130
2291969
2294461
2295487
23030449
23038309
23080300
23121502
23259401
23360132
23393115
23523326
23566213
23635257
23729367
2379029
23926241
23937177
23984189
24023188
