187
60116
10560
10655
12610
168100
2110
26230
28581
296120
324127
33961
34584
379124
40636
44453
45452
51028
56236
57873
58139
5979
60570
632102
67755
72534
74810
79270
83644
86530
90122
940106
97473
97758
102947
1030118
106943
1132107
118662
122382
128055
133743
136685
142233
144363
148175
148962
149895
152982
1563117
1 0
starting to search for 87
2 1
3 2
4 3
5 4
6 5
7 6
8 7
9 8
10 9
11 10
12 11
13 12
14 13
15 14
16 15
17 16
18 17
19 18
20 19
21 20
22 21
23 22
24 23
25 24
26 25
27 26
28 27
29 28
30 29
31 30
32 31
33 32
34 33
35 34
36 35
37 36
38 37
39 38
40 39
41 40
42 41
43 42
44 43
45 44
46 45
47 46
48 47
49 48
50 49
51 50
52 51
53 52
54 53
55 54
56 55
57 56
58 57
59 58
60 59
61 60
62 61
63 62
64 63
65 64
66 65
67 66
68 67
69 68
70 69
71 70
72 71
73 72
74 73
75 74
76 75
77 76
78 77
79 78
80 79
81 80
82 81
83 82
84 83
85 84
86 85
87 86
88 87
starting to search for 116
89 88
90 89
91 90
92 91
93 92
94 93
95 94
96 95
97 96
98 97
99 98
100 99
101 100
102 101
103 102
104 103
105 104
106 105
107 106
108 107
109 108
110 109
111 110
112 111
113 112
114 113
115 114
116 115
117 116
starting to search for 60
118 115
119 114
120 113
121 112
122 111
123 110
124 109
125 108
126 107
127 106
128 105
129 104
130 103
131 102
132 101
133 100
134 99
135 98
136 97
137 96
138 95
139 94
140 93
141 92
142 91
143 90
144 89
145 88
146 87
147 86
148 85
149 84
150 83
151 82
152 81
153 80
154 79
155 78
156 77
157 76
158 75
159 74
160 73
161 72
162 71
163 70
164 69
165 68
166 67
167 66
168 65
169 64
170 63
171 62
172 61
173 60
starting to search for 55
174 59
175 58
176 57
177 56
178 55
starting to search for 10
179 54
180 53
181 52
182 51
183 50
184 49
185 48
186 47
187 46
188 45
189 44
190 43
191 42
192 41
193 40
194 39
195 38
196 37
197 36
198 35
199 34
200 33
201 32
202 31
203 30
204 29
205 28
206 27
207 26
208 25
209 24
210 23
211 22
212 21
213 20
214 19
215 18
216 17
217 16
218 15
219 14
220 13
221 12
222 11
223 10
starting to search for 100
224 11
225 12
226 13
227 14
228 15
229 16
230 17
231 18
232 19
233 20
234 21
235 22
236 23
237 24
238 25
239 26
240 27
241 28
242 29
243 30
244 31
245 32
246 33
247 34
248 35
249 36
250 37
251 38
252 39
253 40
254 41
255 42
256 43
257 44
258 45
259 46
260 47
261 48
262 49
263 50
264 51
265 52
266 53
267 54
268 55
269 56
270 57
271 58
272 59
273 60
274 61
275 62
276 63
277 64
278 65
279 66
280 67
281 68
282 69
283 70
284 71
285 72
286 73
287 74
288 75
289 76
290 77
291 78
292 79
293 80
294 81
295 82
296 83
297 84
298 85
299 86
300 87
301 88
302 89
303 90
304 91
305 92
306 93
307 94
308 95
309 96
310 97
311 98
312 99
313 100
starting to search for 0
314 99
315 98
316 97
317 96
318 95
319 94
320 93
321 92
322 91
323 90
324 89
325 88
326 87
327 86
328 85
329 84
330 83
331 82
332 81
333 80
334 79
335 78
336 77
337 76
338 75
339 74
340 73
341 72
342 71
343 70
344 69
345 68
346 67
347 66
348 65
349 64
350 63
351 62
352 61
353 60
354 59
355 58
356 57
357 56
358 55
359 54
360 53
361 52
362 51
363 50
364 49
365 48
366 47
367 46
368 45
369 44
370 43
371 42
372 41
373 40
374 39
375 38
376 37
377 36
378 35
379 34
380 33
381 32
382 31
383 30
384 29
385 28
386 27
387 26
388 25
389 24
390 23
391 22
392 21
393 20
394 19
395 18
396 17
397 16
398 15
399 14
400 13
401 12
402 11
403 10
404 9
405 8
406 7
407 6
408 5
409 4
410 3
411 2
412 1
413 0
starting to search for 30
414 1
415 2
416 3
417 4
418 5
419 6
420 7
421 8
422 9
423 10
424 11
425 12
426 13
427 14
428 15
429 16
430 17
431 18
432 19
433 20
434 21
435 22
436 23
437 24
438 25
439 26
440 27
441 28
442 29
443 30
starting to search for 81
444 31
445 32
446 33
447 34
448 35
449 36
450 37
451 38
452 39
453 40
454 41
455 42
456 43
457 44
458 45
459 46
460 47
461 48
462 49
463 50
464 51
465 52
466 53
467 54
468 55
469 56
470 57
471 58
472 59
473 60
474 61
475 62
476 63
477 64
478 65
479 66
480 67
481 68
482 69
483 70
484 71
485 72
486 73
487 74
488 75
489 76
490 77
491 78
492 79
493 80
494 81
starting to search for 120
495 82
496 83
497 84
498 85
499 86
500 87
501 88
502 89
503 90
504 91
505 92
506 93
507 94
508 95
509 96
510 97
511 98
512 99
513 100
514 101
515 102
516 103
517 104
518 105
519 106
520 107
521 108
522 109
523 110
524 111
525 112
526 113
527 114
528 115
529 116
530 117
531 118
532 119
533 120
starting to search for 127
534 121
535 122
536 123
537 124
538 125
539 126
540 127
starting to search for 61
541 126
542 125
543 124
544 123
545 122
546 121
547 120
548 119
549 118
550 117
551 116
552 115
553 114
554 113
555 112
556 111
557 110
558 109
559 108
560 107
561 106
562 105
563 104
564 103
565 102
566 101
567 100
568 99
569 98
570 97
571 96
572 95
573 94
574 93
575 92
576 91
577 90
578 89
579 88
580 87
581 86
582 85
583 84
584 83
585 82
586 81
587 80
588 79
589 78
590 77
591 76
592 75
593 74
594 73
595 72
596 71
597 70
598 69
599 68
600 67
601 66
602 65
603 64
604 63
605 62
606 61
starting to search for 84
607 62
608 63
609 64
610 65
611 66
612 67
613 68
614 69
615 70
616 71
617 72
618 73
619 74
620 75
621 76
622 77
623 78
624 79
625 80
626 81
627 82
628 83
629 84
starting to search for 124
630 85
631 86
632 87
633 88
634 89
635 90
636 91
637 92
638 93
639 94
640 95
641 96
642 97
643 98
644 99
645 100
646 101
647 102
648 103
649 104
650 105
651 106
652 107
653 108
654 109
655 110
656 111
657 112
658 113
659 114
660 115
661 116
662 117
663 118
664 119
665 120
666 121
667 122
668 123
669 124
starting to search for 36
670 123
671 122
672 121
673 120
674 119
675 118
676 117
677 116
678 115
679 114
680 113
681 112
682 111
683 110
684 109
685 108
686 107
687 106
688 105
689 104
690 103
691 102
692 101
693 100
694 99
695 98
696 97
697 96
698 95
699 94
700 93
701 92
702 91
703 90
704 89
705 88
706 87
707 86
708 85
709 84
710 83
711 82
712 81
713 80
714 79
715 78
716 77
717 76
718 75
719 74
720 73
721 72
722 71
723 70
724 69
725 68
726 67
727 66
728 65
729 64
730 63
731 62
732 61
733 60
734 59
735 58
736 57
737 56
738 55
739 54
740 53
741 52
742 51
743 50
744 49
745 48
746 47
747 46
748 45
749 44
750 43
751 42
752 41
753 40
754 39
755 38
756 37
757 36
starting to search for 53
758 37
759 38
760 39
761 40
762 41
763 42
764 43
765 44
766 45
767 46
768 47
769 48
770 49
771 50
772 51
773 52
774 53
starting to search for 52
775 52
starting to search for 28
776 51
777 50
778 49
779 48
780 47
781 46
782 45
783 44
784 43
785 42
786 41
787 40
788 39
789 38
790 37
791 36
792 35
793 34
794 33
795 32
796 31
797 30
798 29
799 28
starting to search for 36
800 29
801 30
802 31
803 32
804 33
805 34
806 35
807 36
starting to search for 73
808 37
809 38
810 39
811 40
812 41
813 42
814 43
815 44
816 45
817 46
818 47
819 48
820 49
821 50
822 51
823 52
824 53
825 54
826 55
827 56
828 57
829 58
830 59
831 60
832 61
833 62
834 63
835 64
836 65
837 66
838 67
839 68
840 69
841 70
842 71
843 72
844 73
starting to search for 39
845 72
846 71
847 70
848 69
849 68
850 67
851 66
852 65
853 64
854 63
855 62
856 61
857 60
858 59
859 58
860 57
861 56
862 55
863 54
864 53
865 52
866 51
867 50
868 49
869 48
870 47
871 46
872 45
873 44
874 43
875 42
876 41
877 40
878 39
starting to search for 9
879 38
880 37
881 36
882 35
883 34
884 33
885 32
886 31
887 30
888 29
889 28
890 27
891 26
892 25
893 24
894 23
895 22
896 21
897 20
898 19
899 18
900 17
901 16
902 15
903 14
904 13
905 12
906 11
907 10
908 9
starting to search for 70
909 10
910 11
911 12
912 13
913 14
914 15
915 16
916 17
917 18
918 19
919 20
920 21
921 22
922 23
923 24
924 25
925 26
926 27
927 28
928 29
929 30
930 31
931 32
932 33
933 34
934 35
935 36
936 37
937 38
938 39
939 40
940 41
941 42
942 43
943 44
944 45
945 46
946 47
947 48
948 49
949 50
950 51
951 52
952 53
953 54
954 55
955 56
956 57
957 58
958 59
959 60
960 61
961 62
962 63
963 64
964 65
965 66
966 67
967 68
968 69
969 70
starting to search for 102
970 71
971 72
972 73
973 74
974 75
975 76
976 77
977 78
978 79
979 80
980 81
981 82
982 83
983 84
984 85
985 86
986 87
987 88
988 89
989 90
990 91
991 92
992 93
993 94
994 95
995 96
996 97
997 98
998 99
999 100
1000 101
1001 102
starting to search for 55
1002 101
1003 100
1004 99
1005 98
1006 97
1007 96
1008 95
1009 94
1010 93
1011 92
1012 91
1013 90
1014 89
1015 88
1016 87
1017 86
1018 85
1019 84
1020 83
1021 82
1022 81
1023 80
1024 79
1025 78
1026 77
1027 76
1028 75
1029 74
1030 73
1031 72
1032 71
1033 70
1034 69
1035 68
1036 67
1037 66
1038 65
1039 64
1040 63
1041 62
1042 61
1043 60
1044 59
1045 58
1046 57
1047 56
1048 55
starting to search for 34
1049 54
1050 53
1051 52
1052 51
1053 50
1054 49
1055 48
1056 47
1057 46
1058 45
1059 44
1060 43
1061 42
1062 41
1063 40
1064 39
1065 38
1066 37
1067 36
1068 35
1069 34
starting to search for 10
1070 33
1071 32
1072 31
1073 30
1074 29
1075 28
1076 27
1077 26
1078 25
1079 24
1080 23
1081 22
1082 21
1083 20
1084 19
1085 18
1086 17
1087 16
1088 15
1089 14
1090 13
1091 12
1092 11
1093 10
starting to search for 70
1094 11
1095 12
1096 13
1097 14
1098 15
1099 16
1100 17
1101 18
1102 19
1103 20
1104 21
1105 22
1106 23
1107 24
1108 25
1109 26
1110 27
1111 28
1112 29
1113 30
1114 31
1115 32
1116 33
1117 34
1118 35
1119 36
1120 37
1121 38
1122 39
1123 40
1124 41
1125 42
1126 43
1127 44
1128 45
1129 46
1130 47
1131 48
1132 49
1133 50
1134 51
1135 52
1136 53
1137 54
1138 55
1139 56
1140 57
1141 58
1142 59
1143 60
1144 61
1145 62
1146 63
1147 64
1148 65
1149 66
1150 67
1151 68
1152 69
1153 70
starting to search for 44
1154 69
1155 68
1156 67
1157 66
1158 65
1159 64
1160 63
1161 62
1162 61
1163 60
1164 59
1165 58
1166 57
1167 56
1168 55
1169 54
1170 53
1171 52
1172 51
1173 50
1174 49
1175 48
1176 47
1177 46
1178 45
1179 44
starting to search for 30
1180 43
1181 42
1182 41
1183 40
1184 39
1185 38
1186 37
1187 36
1188 35
1189 34
1190 33
1191 32
1192 31
1193 30
starting to search for 22
1194 29
1195 28
1196 27
1197 26
1198 25
1199 24
1200 23
1201 22
starting to search for 106
1202 23
1203 24
1204 25
1205 26
1206 27
1207 28
1208 29
1209 30
1210 31
1211 32
1212 33
1213 34
1214 35
1215 36
1216 37
1217 38
1218 39
1219 40
1220 41
1221 42
1222 43
1223 44
1224 45
1225 46
1226 47
1227 48
1228 49
1229 50
1230 51
1231 52
1232 53
1233 54
1234 55
1235 56
1236 57
1237 58
1238 59
1239 60
1240 61
1241 62
1242 63
1243 64
1244 65
1245 66
1246 67
1247 68
1248 69
1249 70
1250 71
1251 72
1252 73
1253 74
1254 75
1255 76
1256 77
1257 78
1258 79
1259 80
1260 81
1261 82
1262 83
1263 84
1264 85
1265 86
1266 87
1267 88
1268 89
1269 90
1270 91
1271 92
1272 93
1273 94
1274 95
1275 96
1276 97
1277 98
1278 99
1279 100
1280 101
1281 102
1282 103
1283 104
1284 105
1285 106
starting to search for 73
1286 105
1287 104
1288 103
1289 102
1290 101
1291 100
1292 99
1293 98
1294 97
1295 96
1296 95
1297 94
1298 93
1299 92
1300 91
1301 90
1302 89
1303 88
1304 87
1305 86
1306 85
1307 84
1308 83
1309 82
1310 81
1311 80
1312 79
1313 78
1314 77
1315 76
1316 75
1317 74
1318 73
starting to search for 58
1319 72
1320 71
1321 70
1322 69
1323 68
1324 67
1325 66
1326 65
1327 64
1328 63
1329 62
1330 61
1331 60
1332 59
1333 58
starting to search for 47
1334 57
1335 56
1336 55
1337 54
1338 53
1339 52
1340 51
1341 50
1342 49
1343 48
1344 47
starting to search for 118
1345 48
1346 49
1347 50
1348 51
1349 52
1350 53
1351 54
1352 55
1353 56
1354 57
1355 58
1356 59
1357 60
1358 61
1359 62
1360 63
1361 64
1362 65
1363 66
1364 67
1365 68
1366 69
1367 70
1368 71
1369 72
1370 73
1371 74
1372 75
1373 76
1374 77
1375 78
1376 79
1377 80
1378 81
1379 82
1380 83
1381 84
1382 85
1383 86
1384 87
1385 88
1386 89
1387 90
1388 91
1389 92
1390 93
1391 94
1392 95
1393 96
1394 97
1395 98
1396 99
1397 100
1398 101
1399 102
1400 103
1401 104
1402 105
1403 106
1404 107
1405 108
1406 109
1407 110
1408 111
1409 112
1410 113
1411 114
1412 115
1413 116
1414 117
1415 118
starting to search for 43
1416 117
1417 116
1418 115
1419 114
1420 113
1421 112
1422 111
1423 110
1424 109
1425 108
1426 107
1427 106
1428 105
1429 104
1430 103
1431 102
1432 101
1433 100
1434 99
1435 98
1436 97
1437 96
1438 95
1439 94
1440 93
1441 92
1442 91
1443 90
1444 89
1445 88
1446 87
1447 86
1448 85
1449 84
1450 83
1451 82
1452 81
1453 80
1454 79
1455 78
1456 77
1457 76
1458 75
1459 74
1460 73
1461 72
1462 71
1463 70
1464 69
1465 68
1466 67
1467 66
1468 65
1469 64
1470 63
1471 62
1472 61
1473 60
1474 59
1475 58
1476 57
1477 56
1478 55
1479 54
1480 53
1481 52
1482 51
1483 50
1484 49
1485 48
1486 47
1487 46
1488 45
1489 44
1490 43
starting to search for 107
1491 44
1492 45
1493 46
1494 47
1495 48
1496 49
1497 50
1498 51
1499 52
1500 53
1501 54
1502 55
1503 56
1504 57
1505 58
1506 59
1507 60
1508 61
1509 62
1510 63
1511 64
1512 65
1513 66
1514 67
1515 68
1516 69
1517 70
1518 71
1519 72
1520 73
1521 74
1522 75
1523 76
1524 77
1525 78
1526 79
1527 80
1528 81
1529 82
1530 83
1531 84
1532 85
1533 86
1534 87
1535 88
1536 89
1537 90
1538 91
1539 92
1540 93
1541 94
1542 95
1543 96
1544 97
1545 98
1546 99
1547 100
1548 101
1549 102
1550 103
1551 104
1552 105
1553 106
1554 107
starting to search for 62
1555 106
1556 105
1557 104
1558 103
1559 102
1560 101
1561 100
1562 99
1563 98
1564 97
1565 96
1566 95
1567 94
1568 93
1569 92
1570 91
1571 90
1572 89
1573 88
1574 87
1575 86
1576 85
1577 84
1578 83
1579 82
1580 81
1581 80
1582 79
1583 78
1584 77
1585 76
1586 75
1587 74
1588 73
1589 72
1590 71
1591 70
1592 69
1593 68
1594 67
1595 66
1596 65
1597 64
1598 63
1599 62
starting to search for 82
1600 63
1601 64
1602 65
1603 66
1604 67
1605 68
1606 69
1607 70
1608 71
1609 72
1610 73
1611 74
1612 75
1613 76
1614 77
1615 78
1616 79
1617 80
1618 81
1619 82
starting to search for 55
1620 81
1621 80
1622 79
1623 78
1624 77
1625 76
1626 75
1627 74
1628 73
1629 72
1630 71
1631 70
1632 69
1633 68
1634 67
1635 66
1636 65
1637 64
1638 63
1639 62
1640 61
1641 60
1642 59
1643 58
1644 57
1645 56
1646 55
starting to search for 43
1647 54
1648 53
1649 52
1650 51
1651 50
1652 49
1653 48
1654 47
1655 46
1656 45
1657 44
1658 43
starting to search for 85
1659 44
1660 45
1661 46
1662 47
1663 48
1664 49
1665 50
1666 51
1667 52
1668 53
1669 54
1670 55
1671 56
1672 57
1673 58
1674 59
1675 60
1676 61
1677 62
1678 63
1679 64
1680 65
1681 66
1682 67
1683 68
1684 69
1685 70
1686 71
1687 72
1688 73
1689 74
1690 75
1691 76
1692 77
1693 78
1694 79
1695 80
1696 81
1697 82
1698 83
1699 84
1700 85
starting to search for 33
1701 84
1702 83
1703 82
1704 81
1705 80
1706 79
1707 78
1708 77
1709 76
1710 75
1711 74
1712 73
1713 72
1714 71
1715 70
1716 69
1717 68
1718 67
1719 66
1720 65
1721 64
1722 63
1723 62
1724 61
1725 60
1726 59
1727 58
1728 57
1729 56
1730 55
1731 54
1732 53
1733 52
1734 51
1735 50
1736 49
1737 48
1738 47
1739 46
1740 45
1741 44
1742 43
1743 42
1744 41
1745 40
1746 39
1747 38
1748 37
1749 36
1750 35
1751 34
1752 33
starting to search for 63
1753 34
1754 35
1755 36
1756 37
1757 38
1758 39
1759 40
1760 41
1761 42
1762 43
1763 44
1764 45
1765 46
1766 47
1767 48
1768 49
1769 50
1770 51
1771 52
1772 53
1773 54
1774 55
1775 56
1776 57
1777 58
1778 59
1779 60
1780 61
1781 62
1782 63
starting to search for 75
1783 64
1784 65
1785 66
1786 67
1787 68
1788 69
1789 70
1790 71
1791 72
1792 73
1793 74
1794 75
starting to search for 62
1795 74
1796 73
1797 72
1798 71
1799 70
1800 69
1801 68
1802 67
1803 66
1804 65
1805 64
1806 63
1807 62
starting to search for 95
1808 63
1809 64
1810 65
1811 66
1812 67
1813 68
1814 69
1815 70
1816 71
1817 72
1818 73
1819 74
1820 75
1821 76
1822 77
1823 78
1824 79
1825 80
1826 81
1827 82
1828 83
1829 84
1830 85
1831 86
1832 87
1833 88
1834 89
1835 90
1836 91
1837 92
1838 93
1839 94
1840 95
starting to search for 82
1841 94
1842 93
1843 92
1844 91
1845 90
1846 89
1847 88
1848 87
1849 86
1850 85
1851 84
1852 83
1853 82
starting to search for 117
1854 83
1855 84
1856 85
1857 86
1858 87
1859 88
1860 89
1861 90
1862 91
1863 92
1864 93
1865 94
1866 95
1867 96
1868 97
1869 98
1870 99
1871 100
1872 101
1873 102
1874 103
1875 104
1876 105
1877 106
1878 107
1879 108
1880 109
1881 110
1882 111
1883 112
1884 113
1885 114
1886 115
1887 116
1888 117
    0:     1     1    88
    1:    60    88   117
    2:   105   117   173
    3:   106   173   178
    4:   126   178   223
    5:   168   223   313
    6:   211   313   413
    7:   262   413   443
    8:   285   443   494
    9:   296   494   533
   10:   324   533   540
   11:   339   540   606
   12:   345   606   629
   13:   379   629   669
   14:   406   669   757
   15:   444   757   774
   16:   454   774   775
   17:   510   775   799
   18:   562   799   807
   19:   578   807   844
   20:   581   844   878
   21:   597   878   908
   22:   605   908   969
   23:   632   969  1001
   24:   677  1001  1048
   25:   725  1048  1069
   26:   748  1069  1093
   27:   792  1093  1153
   28:   836  1153  1179
   29:   865  1179  1193
   30:   901  1193  1201
   31:   940  1201  1285
   32:   974  1285  1318
   33:   977  1318  1333
   34:  1029  1333  1344
   35:  1030  1344  1415
   36:  1069  1415  1490
   37:  1132  1490  1554
   38:  1186  1554  1599
   39:  1223  1599  1619
   40:  1280  1619  1646
   41:  1337  1646  1658
   42:  1366  1658  1700
   43:  1422  1700  1752
   44:  1443  1752  1782
   45:  1481  1782  1794
   46:  1489  1794  1807
   47:  1498  1807  1840
   48:  1529  1840  1853
   49:  1563  1853  1888
