1350
237466
419240
424222
50642
675402
8490
1056122
1148326
1193480
1306505
1366245
1392338
1529497
1637147
1792222
1833215
2058115
2268144
2334293
2347159
241436
2447280
2557408
2739220
2932138
302441
3203280
3379178
3496121
364391
3799427
3936294
3948233
4158189
4163474
4322172
4577430
4796250
4944331
5174223
5403174
5519341
5739133
5742209
5853334
598885
609796
6273281
6422307
6651345
6769307
6771268
6868458
687041
6993478
7109236
716718
719383
725675
7386406
757983
7822147
7898359
8102510
8166387
8322424
8399349
8475409
8607188
882462
8888203
9021295
9116365
9292373
9503161
9620338
9726247
9965424
10003403
10204250
10327254
10395462
10432343
10598388
10605299
10822174
11072239
11301213
11338337
1136820
11615342
11780232
11811333
11871173
1196756
12168503
1230774
12526402
12724302
