1205
63273
97141
111113
113215
1490
181254
187126
21164
2731
290296
298144
301198
323291
33686
365130
370126
42367
46184
477171
47893
48721
491164
507239
541129
57980
59224
625164
657104
67570
69953
721254
748172
749136
794111
852204
862299
905265
921191
946276
960275
970155
996266
10035
1016149
1041176
1045146
1050222
1069193
1091275
1118158
11403
1158132
12104
1212163
1273155
128882
129149
129843
1318237
135748
142586
1435210
1478299
1486227
1520248
1523204
1532240
1554110
160339
1611112
1632173
1646214
1678218
172494
1742198
1757145
1823243
1828236
1869146
1 0
starting to search for 205
2 1
3 2
4 3
5 4
6 5
7 6
8 7
9 8
10 9
11 10
12 11
13 12
14 13
15 14
16 15
17 16
18 17
19 18
20 19
21 20
22 21
23 22
24 23
25 24
26 25
27 26
28 27
29 28
30 29
31 30
32 31
33 32
34 33
35 34
36 35
37 36
38 37
39 38
40 39
41 40
42 41
43 42
44 43
45 44
46 45
47 46
48 47
49 48
50 49
51 50
52 51
53 52
54 53
55 54
56 55
57 56
58 57
59 58
60 59
61 60
62 61
63 62
64 63
65 64
66 65
67 66
68 67
69 68
70 69
71 70
72 71
73 72
74 73
75 74
76 75
77 76
78 77
79 78
80 79
81 80
82 81
83 82
84 83
85 84
86 85
87 86
88 87
89 88
90 89
91 90
92 91
93 92
94 93
95 94
96 95
97 96
98 97
99 98
100 99
101 100
102 101
103 102
104 103
105 104
106 105
107 106
108 107
109 108
110 109
111 110
112 111
113 112
114 113
115 114
116 115
117 116
118 117
119 118
120 119
121 120
122 121
123 122
124 123
125 124
126 125
127 126
128 127
129 128
130 129
131 130
132 131
133 132
134 133
135 134
136 135
137 136
138 137
139 138
140 139
141 140
142 141
143 142
144 143
145 144
146 145
147 146
148 147
149 148
150 149
151 150
152 151
153 152
154 153
155 154
156 155
157 156
158 157
159 158
160 159
161 160
162 161
163 162
164 163
165 164
166 165
167 166
168 167
169 168
170 169
171 170
172 171
173 172
174 173
175 174
176 175
177 176
178 177
179 178
180 179
181 180
182 181
183 182
184 183
185 184
186 185
187 186
188 187
189 188
190 189
191 190
192 191
193 192
194 193
195 194
196 195
197 196
198 197
199 198
200 199
201 200
202 201
203 202
204 203
205 204
206 205
starting to search for 273
207 206
208 207
209 208
210 209
211 210
212 211
213 212
214 213
215 214
216 215
217 216
218 217
219 218
220 219
221 220
222 221
223 222
224 223
225 224
226 225
227 226
228 227
229 228
230 229
231 230
232 231
233 232
234 233
235 234
236 235
237 236
238 237
239 238
240 239
241 240
242 241
243 242
244 243
245 244
246 245
247 246
248 247
249 248
250 249
251 250
252 251
253 252
254 253
255 254
256 255
257 256
258 257
259 258
260 259
261 260
262 261
263 262
264 263
265 264
266 265
267 266
268 267
269 268
270 269
271 270
272 271
273 272
274 273
starting to search for 141
275 272
276 271
277 270
278 269
279 268
280 267
281 266
282 265
283 264
284 263
285 262
286 261
287 260
288 259
289 258
290 257
291 256
292 255
293 254
294 253
295 252
296 251
297 250
298 249
299 248
300 247
301 246
302 245
303 244
304 243
305 242
306 241
307 240
308 239
309 238
310 237
311 236
312 235
313 234
314 233
315 232
316 231
317 230
318 229
319 228
320 227
321 226
322 225
323 224
324 223
325 222
326 221
327 220
328 219
329 218
330 217
331 216
332 215
333 214
334 213
335 212
336 211
337 210
338 209
339 208
340 207
341 206
342 205
343 204
344 203
345 202
346 201
347 200
348 199
349 198
350 197
351 196
352 195
353 194
354 193
355 192
356 191
357 190
358 189
359 188
360 187
361 186
362 185
363 184
364 183
365 182
366 181
367 180
368 179
369 178
370 177
371 176
372 175
373 174
374 173
375 172
376 171
377 170
378 169
379 168
380 167
381 166
382 165
383 164
384 163
385 162
386 161
387 160
388 159
389 158
390 157
391 156
392 155
393 154
394 153
395 152
396 151
397 150
398 149
399 148
400 147
401 146
402 145
403 144
404 143
405 142
406 141
starting to search for 113
407 140
408 139
409 138
410 137
411 136
412 135
413 134
414 133
415 132
416 131
417 130
418 129
419 128
420 127
421 126
422 125
423 124
424 123
425 122
426 121
427 120
428 119
429 118
430 117
431 116
432 115
433 114
434 113
starting to search for 215
435 114
436 115
437 116
438 117
439 118
440 119
441 120
442 121
443 122
444 123
445 124
446 125
447 126
448 127
449 128
450 129
451 130
452 131
453 132
454 133
455 134
456 135
457 136
458 137
459 138
460 139
461 140
462 141
463 142
464 143
465 144
466 145
467 146
468 147
469 148
470 149
471 150
472 151
473 152
474 153
475 154
476 155
477 156
478 157
479 158
480 159
481 160
482 161
483 162
484 163
485 164
486 165
487 166
488 167
489 168
490 169
491 170
492 171
493 172
494 173
495 174
496 175
497 176
498 177
499 178
500 179
501 180
502 181
503 182
504 183
505 184
506 185
507 186
508 187
509 188
510 189
511 190
512 191
513 192
514 193
515 194
516 195
517 196
518 197
519 198
520 199
521 200
522 201
523 202
524 203
525 204
526 205
527 206
528 207
529 208
530 209
531 210
532 211
533 212
534 213
535 214
536 215
starting to search for 0
537 214
538 213
539 212
540 211
541 210
542 209
543 208
544 207
545 206
546 205
547 204
548 203
549 202
550 201
551 200
552 199
553 198
554 197
555 196
556 195
557 194
558 193
559 192
560 191
561 190
562 189
563 188
564 187
565 186
566 185
567 184
568 183
569 182
570 181
571 180
572 179
573 178
574 177
575 176
576 175
577 174
578 173
579 172
580 171
581 170
582 169
583 168
584 167
585 166
586 165
587 164
588 163
589 162
590 161
591 160
592 159
593 158
594 157
595 156
596 155
597 154
598 153
599 152
600 151
601 150
602 149
603 148
604 147
605 146
606 145
607 144
608 143
609 142
610 141
611 140
612 139
613 138
614 137
615 136
616 135
617 134
618 133
619 132
620 131
621 130
622 129
623 128
624 127
625 126
626 125
627 124
628 123
629 122
630 121
631 120
632 119
633 118
634 117
635 116
636 115
637 114
638 113
639 112
640 111
641 110
642 109
643 108
644 107
645 106
646 105
647 104
648 103
649 102
650 101
651 100
652 99
653 98
654 97
655 96
656 95
657 94
658 93
659 92
660 91
661 90
662 89
663 88
664 87
665 86
666 85
667 84
668 83
669 82
670 81
671 80
672 79
673 78
674 77
675 76
676 75
677 74
678 73
679 72
680 71
681 70
682 69
683 68
684 67
685 66
686 65
687 64
688 63
689 62
690 61
691 60
692 59
693 58
694 57
695 56
696 55
697 54
698 53
699 52
700 51
701 50
702 49
703 48
704 47
705 46
706 45
707 44
708 43
709 42
710 41
711 40
712 39
713 38
714 37
715 36
716 35
717 34
718 33
719 32
720 31
721 30
722 29
723 28
724 27
725 26
726 25
727 24
728 23
729 22
730 21
731 20
732 19
733 18
734 17
735 16
736 15
737 14
738 13
739 12
740 11
741 10
742 9
743 8
744 7
745 6
746 5
747 4
748 3
749 2
750 1
751 0
starting to search for 254
752 1
753 2
754 3
755 4
756 5
757 6
758 7
759 8
760 9
761 10
762 11
763 12
764 13
765 14
766 15
767 16
768 17
769 18
770 19
771 20
772 21
773 22
774 23
775 24
776 25
777 26
778 27
779 28
780 29
781 30
782 31
783 32
784 33
785 34
786 35
787 36
788 37
789 38
790 39
791 40
792 41
793 42
794 43
795 44
796 45
797 46
798 47
799 48
800 49
801 50
802 51
803 52
804 53
805 54
806 55
807 56
808 57
809 58
810 59
811 60
812 61
813 62
814 63
815 64
816 65
817 66
818 67
819 68
820 69
821 70
822 71
823 72
824 73
825 74
826 75
827 76
828 77
829 78
830 79
831 80
832 81
833 82
834 83
835 84
836 85
837 86
838 87
839 88
840 89
841 90
842 91
843 92
844 93
845 94
846 95
847 96
848 97
849 98
850 99
851 100
852 101
853 102
854 103
855 104
856 105
857 106
858 107
859 108
860 109
861 110
862 111
863 112
864 113
865 114
866 115
867 116
868 117
869 118
870 119
871 120
872 121
873 122
874 123
875 124
876 125
877 126
878 127
879 128
880 129
881 130
882 131
883 132
884 133
885 134
886 135
887 136
888 137
889 138
890 139
891 140
892 141
893 142
894 143
895 144
896 145
897 146
898 147
899 148
900 149
901 150
902 151
903 152
904 153
905 154
906 155
907 156
908 157
909 158
910 159
911 160
912 161
913 162
914 163
915 164
916 165
917 166
918 167
919 168
920 169
921 170
922 171
923 172
924 173
925 174
926 175
927 176
928 177
929 178
930 179
931 180
932 181
933 182
934 183
935 184
936 185
937 186
938 187
939 188
940 189
941 190
942 191
943 192
944 193
945 194
946 195
947 196
948 197
949 198
950 199
951 200
952 201
953 202
954 203
955 204
956 205
957 206
958 207
959 208
960 209
961 210
962 211
963 212
964 213
965 214
966 215
967 216
968 217
969 218
970 219
971 220
972 221
973 222
974 223
975 224
976 225
977 226
978 227
979 228
980 229
981 230
982 231
983 232
984 233
985 234
986 235
987 236
988 237
989 238
990 239
991 240
992 241
993 242
994 243
995 244
996 245
997 246
998 247
999 248
1000 249
1001 250
1002 251
1003 252
1004 253
1005 254
starting to search for 126
1006 253
1007 252
1008 251
1009 250
1010 249
1011 248
1012 247
1013 246
1014 245
1015 244
1016 243
1017 242
1018 241
1019 240
1020 239
1021 238
1022 237
1023 236
1024 235
1025 234
1026 233
1027 232
1028 231
1029 230
1030 229
1031 228
1032 227
1033 226
1034 225
1035 224
1036 223
1037 222
1038 221
1039 220
1040 219
1041 218
1042 217
1043 216
1044 215
1045 214
1046 213
1047 212
1048 211
1049 210
1050 209
1051 208
1052 207
1053 206
1054 205
1055 204
1056 203
1057 202
1058 201
1059 200
1060 199
1061 198
1062 197
1063 196
1064 195
1065 194
1066 193
1067 192
1068 191
1069 190
1070 189
1071 188
1072 187
1073 186
1074 185
1075 184
1076 183
1077 182
1078 181
1079 180
1080 179
1081 178
1082 177
1083 176
1084 175
1085 174
1086 173
1087 172
1088 171
1089 170
1090 169
1091 168
1092 167
1093 166
1094 165
1095 164
1096 163
1097 162
1098 161
1099 160
1100 159
1101 158
1102 157
1103 156
1104 155
1105 154
1106 153
1107 152
1108 151
1109 150
1110 149
1111 148
1112 147
1113 146
1114 145
1115 144
1116 143
1117 142
1118 141
1119 140
1120 139
1121 138
1122 137
1123 136
1124 135
1125 134
1126 133
1127 132
1128 131
1129 130
1130 129
1131 128
1132 127
1133 126
starting to search for 64
1134 125
1135 124
1136 123
1137 122
1138 121
1139 120
1140 119
1141 118
1142 117
1143 116
1144 115
1145 114
1146 113
1147 112
1148 111
1149 110
1150 109
1151 108
1152 107
1153 106
1154 105
1155 104
1156 103
1157 102
1158 101
1159 100
1160 99
1161 98
1162 97
1163 96
1164 95
1165 94
1166 93
1167 92
1168 91
1169 90
1170 89
1171 88
1172 87
1173 86
1174 85
1175 84
1176 83
1177 82
1178 81
1179 80
1180 79
1181 78
1182 77
1183 76
1184 75
1185 74
1186 73
1187 72
1188 71
1189 70
1190 69
1191 68
1192 67
1193 66
1194 65
1195 64
starting to search for 1
1196 63
1197 62
1198 61
1199 60
1200 59
1201 58
1202 57
1203 56
1204 55
1205 54
1206 53
1207 52
1208 51
1209 50
1210 49
1211 48
1212 47
1213 46
1214 45
1215 44
1216 43
1217 42
1218 41
1219 40
1220 39
1221 38
1222 37
1223 36
1224 35
1225 34
1226 33
1227 32
1228 31
1229 30
1230 29
1231 28
1232 27
1233 26
1234 25
1235 24
1236 23
1237 22
1238 21
1239 20
1240 19
1241 18
1242 17
1243 16
1244 15
1245 14
1246 13
1247 12
1248 11
1249 10
1250 9
1251 8
1252 7
1253 6
1254 5
1255 4
1256 3
1257 2
1258 1
starting to search for 296
1259 2
1260 3
1261 4
1262 5
1263 6
1264 7
1265 8
1266 9
1267 10
1268 11
1269 12
1270 13
1271 14
1272 15
1273 16
1274 17
1275 18
1276 19
1277 20
1278 21
1279 22
1280 23
1281 24
1282 25
1283 26
1284 27
1285 28
1286 29
1287 30
1288 31
1289 32
1290 33
1291 34
1292 35
1293 36
1294 37
1295 38
1296 39
1297 40
1298 41
1299 42
1300 43
1301 44
1302 45
1303 46
1304 47
1305 48
1306 49
1307 50
1308 51
1309 52
1310 53
1311 54
1312 55
1313 56
1314 57
1315 58
1316 59
1317 60
1318 61
1319 62
1320 63
1321 64
1322 65
1323 66
1324 67
1325 68
1326 69
1327 70
1328 71
1329 72
1330 73
1331 74
1332 75
1333 76
1334 77
1335 78
1336 79
1337 80
1338 81
1339 82
1340 83
1341 84
1342 85
1343 86
1344 87
1345 88
1346 89
1347 90
1348 91
1349 92
1350 93
1351 94
1352 95
1353 96
1354 97
1355 98
1356 99
1357 100
1358 101
1359 102
1360 103
1361 104
1362 105
1363 106
1364 107
1365 108
1366 109
1367 110
1368 111
1369 112
1370 113
1371 114
1372 115
1373 116
1374 117
1375 118
1376 119
1377 120
1378 121
1379 122
1380 123
1381 124
1382 125
1383 126
1384 127
1385 128
1386 129
1387 130
1388 131
1389 132
1390 133
1391 134
1392 135
1393 136
1394 137
1395 138
1396 139
1397 140
1398 141
1399 142
1400 143
1401 144
1402 145
1403 146
1404 147
1405 148
1406 149
1407 150
1408 151
1409 152
1410 153
1411 154
1412 155
1413 156
1414 157
1415 158
1416 159
1417 160
1418 161
1419 162
1420 163
1421 164
1422 165
1423 166
1424 167
1425 168
1426 169
1427 170
1428 171
1429 172
1430 173
1431 174
1432 175
1433 176
1434 177
1435 178
1436 179
1437 180
1438 181
1439 182
1440 183
1441 184
1442 185
1443 186
1444 187
1445 188
1446 189
1447 190
1448 191
1449 192
1450 193
1451 194
1452 195
1453 196
1454 197
1455 198
1456 199
1457 200
1458 201
1459 202
1460 203
1461 204
1462 205
1463 206
1464 207
1465 208
1466 209
1467 210
1468 211
1469 212
1470 213
1471 214
1472 215
1473 216
1474 217
1475 218
1476 219
1477 220
1478 221
1479 222
1480 223
1481 224
1482 225
1483 226
1484 227
1485 228
1486 229
1487 230
1488 231
1489 232
1490 233
1491 234
1492 235
1493 236
1494 237
1495 238
1496 239
1497 240
1498 241
1499 242
1500 243
1501 244
1502 245
1503 246
1504 247
1505 248
1506 249
1507 250
1508 251
1509 252
1510 253
1511 254
1512 255
1513 256
1514 257
1515 258
1516 259
1517 260
1518 261
1519 262
1520 263
1521 264
1522 265
1523 266
1524 267
1525 268
1526 269
1527 270
1528 271
1529 272
1530 273
1531 274
1532 275
1533 276
1534 277
1535 278
1536 279
1537 280
1538 281
1539 282
1540 283
1541 284
1542 285
1543 286
1544 287
1545 288
1546 289
1547 290
1548 291
1549 292
1550 293
1551 294
1552 295
1553 296
starting to search for 144
1554 295
1555 294
1556 293
1557 292
1558 291
1559 290
1560 289
1561 288
1562 287
1563 286
1564 285
1565 284
1566 283
1567 282
1568 281
1569 280
1570 279
1571 278
1572 277
1573 276
1574 275
1575 274
1576 273
1577 272
1578 271
1579 270
1580 269
1581 268
1582 267
1583 266
1584 265
1585 264
1586 263
1587 262
1588 261
1589 260
1590 259
1591 258
1592 257
1593 256
1594 255
1595 254
1596 253
1597 252
1598 251
1599 250
1600 249
1601 248
1602 247
1603 246
1604 245
1605 244
1606 243
1607 242
1608 241
1609 240
1610 239
1611 238
1612 237
1613 236
1614 235
1615 234
1616 233
1617 232
1618 231
1619 230
1620 229
1621 228
1622 227
1623 226
1624 225
1625 224
1626 223
1627 222
1628 221
1629 220
1630 219
1631 218
1632 217
1633 216
1634 215
1635 214
1636 213
1637 212
1638 211
1639 210
1640 209
1641 208
1642 207
1643 206
1644 205
1645 204
1646 203
1647 202
1648 201
1649 200
1650 199
1651 198
1652 197
1653 196
1654 195
1655 194
1656 193
1657 192
1658 191
1659 190
1660 189
1661 188
1662 187
1663 186
1664 185
1665 184
1666 183
1667 182
1668 181
1669 180
1670 179
1671 178
1672 177
1673 176
1674 175
1675 174
1676 173
1677 172
1678 171
1679 170
1680 169
1681 168
1682 167
1683 166
1684 165
1685 164
1686 163
1687 162
1688 161
1689 160
1690 159
1691 158
1692 157
1693 156
1694 155
1695 154
1696 153
1697 152
1698 151
1699 150
1700 149
1701 148
1702 147
1703 146
1704 145
1705 144
starting to search for 198
1706 145
1707 146
1708 147
1709 148
1710 149
1711 150
1712 151
1713 152
1714 153
1715 154
1716 155
1717 156
1718 157
1719 158
1720 159
1721 160
1722 161
1723 162
1724 163
1725 164
1726 165
1727 166
1728 167
1729 168
1730 169
1731 170
1732 171
1733 172
1734 173
1735 174
1736 175
1737 176
1738 177
1739 178
1740 179
1741 180
1742 181
1743 182
1744 183
1745 184
1746 185
1747 186
1748 187
1749 188
1750 189
1751 190
1752 191
1753 192
1754 193
1755 194
1756 195
1757 196
1758 197
1759 198
starting to search for 291
1760 199
1761 200
1762 201
1763 202
1764 203
1765 204
1766 205
1767 206
1768 207
1769 208
1770 209
1771 210
1772 211
1773 212
1774 213
1775 214
1776 215
1777 216
1778 217
1779 218
1780 219
1781 220
1782 221
1783 222
1784 223
1785 224
1786 225
1787 226
1788 227
1789 228
1790 229
1791 230
1792 231
1793 232
1794 233
1795 234
1796 235
1797 236
1798 237
1799 238
1800 239
1801 240
1802 241
1803 242
1804 243
1805 244
1806 245
1807 246
1808 247
1809 248
1810 249
1811 250
1812 251
1813 252
1814 253
1815 254
1816 255
1817 256
1818 257
1819 258
1820 259
1821 260
1822 261
1823 262
1824 263
1825 264
1826 265
1827 266
1828 267
1829 268
1830 269
1831 270
1832 271
1833 272
1834 273
1835 274
1836 275
1837 276
1838 277
1839 278
1840 279
1841 280
1842 281
1843 282
1844 283
1845 284
1846 285
1847 286
1848 287
1849 288
1850 289
1851 290
1852 291
starting to search for 86
1853 290
1854 289
1855 288
1856 287
1857 286
1858 285
1859 284
1860 283
1861 282
1862 281
1863 280
1864 279
1865 278
1866 277
1867 276
1868 275
1869 274
1870 273
1871 272
1872 271
1873 270
1874 269
1875 268
1876 267
1877 266
1878 265
1879 264
1880 263
1881 262
1882 261
1883 260
1884 259
1885 258
1886 257
1887 256
1888 255
1889 254
1890 253
1891 252
1892 251
1893 250
1894 249
1895 248
1896 247
1897 246
1898 245
1899 244
1900 243
1901 242
1902 241
1903 240
1904 239
1905 238
1906 237
1907 236
1908 235
1909 234
1910 233
1911 232
1912 231
1913 230
1914 229
1915 228
1916 227
1917 226
1918 225
1919 224
1920 223
1921 222
1922 221
1923 220
1924 219
1925 218
1926 217
1927 216
1928 215
1929 214
1930 213
1931 212
1932 211
1933 210
1934 209
1935 208
1936 207
1937 206
1938 205
1939 204
1940 203
1941 202
1942 201
1943 200
1944 199
1945 198
1946 197
1947 196
1948 195
1949 194
1950 193
1951 192
1952 191
1953 190
1954 189
1955 188
1956 187
1957 186
1958 185
1959 184
1960 183
1961 182
1962 181
1963 180
1964 179
1965 178
1966 177
1967 176
1968 175
1969 174
1970 173
1971 172
1972 171
1973 170
1974 169
1975 168
1976 167
1977 166
1978 165
1979 164
1980 163
1981 162
1982 161
1983 160
1984 159
1985 158
1986 157
1987 156
1988 155
1989 154
1990 153
1991 152
1992 151
1993 150
1994 149
1995 148
1996 147
1997 146
1998 145
1999 144
2000 143
2001 142
2002 141
2003 140
2004 139
2005 138
2006 137
2007 136
2008 135
2009 134
2010 133
2011 132
2012 131
2013 130
2014 129
2015 128
2016 127
2017 126
2018 125
2019 124
2020 123
2021 122
2022 121
2023 120
2024 119
2025 118
2026 117
2027 116
2028 115
2029 114
2030 113
2031 112
2032 111
2033 110
2034 109
2035 108
2036 107
2037 106
2038 105
2039 104
2040 103
2041 102
2042 101
2043 100
2044 99
2045 98
2046 97
2047 96
2048 95
2049 94
2050 93
2051 92
2052 91
2053 90
2054 89
2055 88
2056 87
2057 86
starting to search for 130
2058 87
2059 88
2060 89
2061 90
2062 91
2063 92
2064 93
2065 94
2066 95
2067 96
2068 97
2069 98
2070 99
2071 100
2072 101
2073 102
2074 103
2075 104
2076 105
2077 106
2078 107
2079 108
2080 109
2081 110
2082 111
2083 112
2084 113
2085 114
2086 115
2087 116
2088 117
2089 118
2090 119
2091 120
2092 121
2093 122
2094 123
2095 124
2096 125
2097 126
2098 127
2099 128
2100 129
2101 130
starting to search for 126
2102 129
2103 128
2104 127
2105 126
starting to search for 67
2106 125
2107 124
2108 123
2109 122
2110 121
2111 120
2112 119
2113 118
2114 117
2115 116
2116 115
2117 114
2118 113
2119 112
2120 111
2121 110
2122 109
2123 108
2124 107
2125 106
2126 105
2127 104
2128 103
2129 102
2130 101
2131 100
2132 99
2133 98
2134 97
2135 96
2136 95
2137 94
2138 93
2139 92
2140 91
2141 90
2142 89
2143 88
2144 87
2145 86
2146 85
2147 84
2148 83
2149 82
2150 81
2151 80
2152 79
2153 78
2154 77
2155 76
2156 75
2157 74
2158 73
2159 72
2160 71
2161 70
2162 69
2163 68
2164 67
starting to search for 84
2165 68
2166 69
2167 70
2168 71
2169 72
2170 73
2171 74
2172 75
2173 76
2174 77
2175 78
2176 79
2177 80
2178 81
2179 82
2180 83
2181 84
starting to search for 171
2182 85
2183 86
2184 87
2185 88
2186 89
2187 90
2188 91
2189 92
2190 93
2191 94
2192 95
2193 96
2194 97
2195 98
2196 99
2197 100
2198 101
2199 102
2200 103
2201 104
2202 105
2203 106
2204 107
2205 108
2206 109
2207 110
2208 111
2209 112
2210 113
2211 114
2212 115
2213 116
2214 117
2215 118
2216 119
2217 120
2218 121
2219 122
2220 123
2221 124
2222 125
2223 126
2224 127
2225 128
2226 129
2227 130
2228 131
2229 132
2230 133
2231 134
2232 135
2233 136
2234 137
2235 138
2236 139
2237 140
2238 141
2239 142
2240 143
2241 144
2242 145
2243 146
2244 147
2245 148
2246 149
2247 150
2248 151
2249 152
2250 153
2251 154
2252 155
2253 156
2254 157
2255 158
2256 159
2257 160
2258 161
2259 162
2260 163
2261 164
2262 165
2263 166
2264 167
2265 168
2266 169
2267 170
2268 171
starting to search for 93
2269 170
2270 169
2271 168
2272 167
2273 166
2274 165
2275 164
2276 163
2277 162
2278 161
2279 160
2280 159
2281 158
2282 157
2283 156
2284 155
2285 154
2286 153
2287 152
2288 151
2289 150
2290 149
2291 148
2292 147
2293 146
2294 145
2295 144
2296 143
2297 142
2298 141
2299 140
2300 139
2301 138
2302 137
2303 136
2304 135
2305 134
2306 133
2307 132
2308 131
2309 130
2310 129
2311 128
2312 127
2313 126
2314 125
2315 124
2316 123
2317 122
2318 121
2319 120
2320 119
2321 118
2322 117
2323 116
2324 115
2325 114
2326 113
2327 112
2328 111
2329 110
2330 109
2331 108
2332 107
2333 106
2334 105
2335 104
2336 103
2337 102
2338 101
2339 100
2340 99
2341 98
2342 97
2343 96
2344 95
2345 94
2346 93
starting to search for 21
2347 92
2348 91
2349 90
2350 89
2351 88
2352 87
2353 86
2354 85
2355 84
2356 83
2357 82
2358 81
2359 80
2360 79
2361 78
2362 77
2363 76
2364 75
2365 74
2366 73
2367 72
2368 71
2369 70
2370 69
2371 68
2372 67
2373 66
2374 65
2375 64
2376 63
2377 62
2378 61
2379 60
2380 59
2381 58
2382 57
2383 56
2384 55
2385 54
2386 53
2387 52
2388 51
2389 50
2390 49
2391 48
2392 47
2393 46
2394 45
2395 44
2396 43
2397 42
2398 41
2399 40
2400 39
2401 38
2402 37
2403 36
2404 35
2405 34
2406 33
2407 32
2408 31
2409 30
2410 29
2411 28
2412 27
2413 26
2414 25
2415 24
2416 23
2417 22
2418 21
starting to search for 164
2419 22
2420 23
2421 24
2422 25
2423 26
2424 27
2425 28
2426 29
2427 30
2428 31
2429 32
2430 33
2431 34
2432 35
2433 36
2434 37
2435 38
2436 39
2437 40
2438 41
2439 42
2440 43
2441 44
2442 45
2443 46
2444 47
2445 48
2446 49
2447 50
2448 51
2449 52
2450 53
2451 54
2452 55
2453 56
2454 57
2455 58
2456 59
2457 60
2458 61
2459 62
2460 63
2461 64
2462 65
2463 66
2464 67
2465 68
2466 69
2467 70
2468 71
2469 72
2470 73
2471 74
2472 75
2473 76
2474 77
2475 78
2476 79
2477 80
2478 81
2479 82
2480 83
2481 84
2482 85
2483 86
2484 87
2485 88
2486 89
2487 90
2488 91
2489 92
2490 93
2491 94
2492 95
2493 96
2494 97
2495 98
2496 99
2497 100
2498 101
2499 102
2500 103
2501 104
2502 105
2503 106
2504 107
2505 108
2506 109
2507 110
2508 111
2509 112
2510 113
2511 114
2512 115
2513 116
2514 117
2515 118
2516 119
2517 120
2518 121
2519 122
2520 123
2521 124
2522 125
2523 126
2524 127
2525 128
2526 129
2527 130
2528 131
2529 132
2530 133
2531 134
2532 135
2533 136
2534 137
2535 138
2536 139
2537 140
2538 141
2539 142
2540 143
2541 144
2542 145
2543 146
2544 147
2545 148
2546 149
2547 150
2548 151
2549 152
2550 153
2551 154
2552 155
2553 156
2554 157
2555 158
2556 159
2557 160
2558 161
2559 162
2560 163
2561 164
starting to search for 239
2562 165
2563 166
2564 167
2565 168
2566 169
2567 170
2568 171
2569 172
2570 173
2571 174
2572 175
2573 176
2574 177
2575 178
2576 179
2577 180
2578 181
2579 182
2580 183
2581 184
2582 185
2583 186
2584 187
2585 188
2586 189
2587 190
2588 191
2589 192
2590 193
2591 194
2592 195
2593 196
2594 197
2595 198
2596 199
2597 200
2598 201
2599 202
2600 203
2601 204
2602 205
2603 206
2604 207
2605 208
2606 209
2607 210
2608 211
2609 212
2610 213
2611 214
2612 215
2613 216
2614 217
2615 218
2616 219
2617 220
2618 221
2619 222
2620 223
2621 224
2622 225
2623 226
2624 227
2625 228
2626 229
2627 230
2628 231
2629 232
2630 233
2631 234
2632 235
2633 236
2634 237
2635 238
2636 239
starting to search for 129
2637 238
2638 237
2639 236
2640 235
2641 234
2642 233
2643 232
2644 231
2645 230
2646 229
2647 228
2648 227
2649 226
2650 225
2651 224
2652 223
2653 222
2654 221
2655 220
2656 219
2657 218
2658 217
2659 216
2660 215
2661 214
2662 213
2663 212
2664 211
2665 210
2666 209
2667 208
2668 207
2669 206
2670 205
2671 204
2672 203
2673 202
2674 201
2675 200
2676 199
2677 198
2678 197
2679 196
2680 195
2681 194
2682 193
2683 192
2684 191
2685 190
2686 189
2687 188
2688 187
2689 186
2690 185
2691 184
2692 183
2693 182
2694 181
2695 180
2696 179
2697 178
2698 177
2699 176
2700 175
2701 174
2702 173
2703 172
2704 171
2705 170
2706 169
2707 168
2708 167
2709 166
2710 165
2711 164
2712 163
2713 162
2714 161
2715 160
2716 159
2717 158
2718 157
2719 156
2720 155
2721 154
2722 153
2723 152
2724 151
2725 150
2726 149
2727 148
2728 147
2729 146
2730 145
2731 144
2732 143
2733 142
2734 141
2735 140
2736 139
2737 138
2738 137
2739 136
2740 135
2741 134
2742 133
2743 132
2744 131
2745 130
2746 129
starting to search for 80
2747 128
2748 127
2749 126
2750 125
2751 124
2752 123
2753 122
2754 121
2755 120
2756 119
2757 118
2758 117
2759 116
2760 115
2761 114
2762 113
2763 112
2764 111
2765 110
2766 109
2767 108
2768 107
2769 106
2770 105
2771 104
2772 103
2773 102
2774 101
2775 100
2776 99
2777 98
2778 97
2779 96
2780 95
2781 94
2782 93
2783 92
2784 91
2785 90
2786 89
2787 88
2788 87
2789 86
2790 85
2791 84
2792 83
2793 82
2794 81
2795 80
starting to search for 24
2796 79
2797 78
2798 77
2799 76
2800 75
2801 74
2802 73
2803 72
2804 71
2805 70
2806 69
2807 68
2808 67
2809 66
2810 65
2811 64
2812 63
2813 62
2814 61
2815 60
2816 59
2817 58
2818 57
2819 56
2820 55
2821 54
2822 53
2823 52
2824 51
2825 50
2826 49
2827 48
2828 47
2829 46
2830 45
2831 44
2832 43
2833 42
2834 41
2835 40
2836 39
2837 38
2838 37
2839 36
2840 35
2841 34
2842 33
2843 32
2844 31
2845 30
2846 29
2847 28
2848 27
2849 26
2850 25
2851 24
starting to search for 164
2852 25
2853 26
2854 27
2855 28
2856 29
2857 30
2858 31
2859 32
2860 33
2861 34
2862 35
2863 36
2864 37
2865 38
2866 39
2867 40
2868 41
2869 42
2870 43
2871 44
2872 45
2873 46
2874 47
2875 48
2876 49
2877 50
2878 51
2879 52
2880 53
2881 54
2882 55
2883 56
2884 57
2885 58
2886 59
2887 60
2888 61
2889 62
2890 63
2891 64
2892 65
2893 66
2894 67
2895 68
2896 69
2897 70
2898 71
2899 72
2900 73
2901 74
2902 75
2903 76
2904 77
2905 78
2906 79
2907 80
2908 81
2909 82
2910 83
2911 84
2912 85
2913 86
2914 87
2915 88
2916 89
2917 90
2918 91
2919 92
2920 93
2921 94
2922 95
2923 96
2924 97
2925 98
2926 99
2927 100
2928 101
2929 102
2930 103
2931 104
2932 105
2933 106
2934 107
2935 108
2936 109
2937 110
2938 111
2939 112
2940 113
2941 114
2942 115
2943 116
2944 117
2945 118
2946 119
2947 120
2948 121
2949 122
2950 123
2951 124
2952 125
2953 126
2954 127
2955 128
2956 129
2957 130
2958 131
2959 132
2960 133
2961 134
2962 135
2963 136
2964 137
2965 138
2966 139
2967 140
2968 141
2969 142
2970 143
2971 144
2972 145
2973 146
2974 147
2975 148
2976 149
2977 150
2978 151
2979 152
2980 153
2981 154
2982 155
2983 156
2984 157
2985 158
2986 159
2987 160
2988 161
2989 162
2990 163
2991 164
starting to search for 104
2992 163
2993 162
2994 161
2995 160
2996 159
2997 158
2998 157
2999 156
3000 155
3001 154
3002 153
3003 152
3004 151
3005 150
3006 149
3007 148
3008 147
3009 146
3010 145
3011 144
3012 143
3013 142
3014 141
3015 140
3016 139
3017 138
3018 137
3019 136
3020 135
3021 134
3022 133
3023 132
3024 131
3025 130
3026 129
3027 128
3028 127
3029 126
3030 125
3031 124
3032 123
3033 122
3034 121
3035 120
3036 119
3037 118
3038 117
3039 116
3040 115
3041 114
3042 113
3043 112
3044 111
3045 110
3046 109
3047 108
3048 107
3049 106
3050 105
3051 104
starting to search for 70
3052 103
3053 102
3054 101
3055 100
3056 99
3057 98
3058 97
3059 96
3060 95
3061 94
3062 93
3063 92
3064 91
3065 90
3066 89
3067 88
3068 87
3069 86
3070 85
3071 84
3072 83
3073 82
3074 81
3075 80
3076 79
3077 78
3078 77
3079 76
3080 75
3081 74
3082 73
3083 72
3084 71
3085 70
starting to search for 53
3086 69
3087 68
3088 67
3089 66
3090 65
3091 64
3092 63
3093 62
3094 61
3095 60
3096 59
3097 58
3098 57
3099 56
3100 55
3101 54
3102 53
starting to search for 254
3103 54
3104 55
3105 56
3106 57
3107 58
3108 59
3109 60
3110 61
3111 62
3112 63
3113 64
3114 65
3115 66
3116 67
3117 68
3118 69
3119 70
3120 71
3121 72
3122 73
3123 74
3124 75
3125 76
3126 77
3127 78
3128 79
3129 80
3130 81
3131 82
3132 83
3133 84
3134 85
3135 86
3136 87
3137 88
3138 89
3139 90
3140 91
3141 92
3142 93
3143 94
3144 95
3145 96
3146 97
3147 98
3148 99
3149 100
3150 101
3151 102
3152 103
3153 104
3154 105
3155 106
3156 107
3157 108
3158 109
3159 110
3160 111
3161 112
3162 113
3163 114
3164 115
3165 116
3166 117
3167 118
3168 119
3169 120
3170 121
3171 122
3172 123
3173 124
3174 125
3175 126
3176 127
3177 128
3178 129
3179 130
3180 131
3181 132
3182 133
3183 134
3184 135
3185 136
3186 137
3187 138
3188 139
3189 140
3190 141
3191 142
3192 143
3193 144
3194 145
3195 146
3196 147
3197 148
3198 149
3199 150
3200 151
3201 152
3202 153
3203 154
3204 155
3205 156
3206 157
3207 158
3208 159
3209 160
3210 161
3211 162
3212 163
3213 164
3214 165
3215 166
3216 167
3217 168
3218 169
3219 170
3220 171
3221 172
3222 173
3223 174
3224 175
3225 176
3226 177
3227 178
3228 179
3229 180
3230 181
3231 182
3232 183
3233 184
3234 185
3235 186
3236 187
3237 188
3238 189
3239 190
3240 191
3241 192
3242 193
3243 194
3244 195
3245 196
3246 197
3247 198
3248 199
3249 200
3250 201
3251 202
3252 203
3253 204
3254 205
3255 206
3256 207
3257 208
3258 209
3259 210
3260 211
3261 212
3262 213
3263 214
3264 215
3265 216
3266 217
3267 218
3268 219
3269 220
3270 221
3271 222
3272 223
3273 224
3274 225
3275 226
3276 227
3277 228
3278 229
3279 230
3280 231
3281 232
3282 233
3283 234
3284 235
3285 236
3286 237
3287 238
3288 239
3289 240
3290 241
3291 242
3292 243
3293 244
3294 245
3295 246
3296 247
3297 248
3298 249
3299 250
3300 251
3301 252
3302 253
3303 254
starting to search for 172
3304 253
3305 252
3306 251
3307 250
3308 249
3309 248
3310 247
3311 246
3312 245
3313 244
3314 243
3315 242
3316 241
3317 240
3318 239
3319 238
3320 237
3321 236
3322 235
3323 234
3324 233
3325 232
3326 231
3327 230
3328 229
3329 228
3330 227
3331 226
3332 225
3333 224
3334 223
3335 222
3336 221
3337 220
3338 219
3339 218
3340 217
3341 216
3342 215
3343 214
3344 213
3345 212
3346 211
3347 210
3348 209
3349 208
3350 207
3351 206
3352 205
3353 204
3354 203
3355 202
3356 201
3357 200
3358 199
3359 198
3360 197
3361 196
3362 195
3363 194
3364 193
3365 192
3366 191
3367 190
3368 189
3369 188
3370 187
3371 186
3372 185
3373 184
3374 183
3375 182
3376 181
3377 180
3378 179
3379 178
3380 177
3381 176
3382 175
3383 174
3384 173
3385 172
starting to search for 136
3386 171
3387 170
3388 169
3389 168
3390 167
3391 166
3392 165
3393 164
3394 163
3395 162
3396 161
3397 160
3398 159
3399 158
3400 157
3401 156
3402 155
3403 154
3404 153
3405 152
3406 151
3407 150
3408 149
3409 148
3410 147
3411 146
3412 145
3413 144
3414 143
3415 142
3416 141
3417 140
3418 139
3419 138
3420 137
3421 136
starting to search for 111
3422 135
3423 134
3424 133
3425 132
3426 131
3427 130
3428 129
3429 128
3430 127
3431 126
3432 125
3433 124
3434 123
3435 122
3436 121
3437 120
3438 119
3439 118
3440 117
3441 116
3442 115
3443 114
3444 113
3445 112
3446 111
starting to search for 204
3447 112
3448 113
3449 114
3450 115
3451 116
3452 117
3453 118
3454 119
3455 120
3456 121
3457 122
3458 123
3459 124
3460 125
3461 126
3462 127
3463 128
3464 129
3465 130
3466 131
3467 132
3468 133
3469 134
3470 135
3471 136
3472 137
3473 138
3474 139
3475 140
3476 141
3477 142
3478 143
3479 144
3480 145
3481 146
3482 147
3483 148
3484 149
3485 150
3486 151
3487 152
3488 153
3489 154
3490 155
3491 156
3492 157
3493 158
3494 159
3495 160
3496 161
3497 162
3498 163
3499 164
3500 165
3501 166
3502 167
3503 168
3504 169
3505 170
3506 171
3507 172
3508 173
3509 174
3510 175
3511 176
3512 177
3513 178
3514 179
3515 180
3516 181
3517 182
3518 183
3519 184
3520 185
3521 186
3522 187
3523 188
3524 189
3525 190
3526 191
3527 192
3528 193
3529 194
3530 195
3531 196
3532 197
3533 198
3534 199
3535 200
3536 201
3537 202
3538 203
3539 204
starting to search for 299
3540 205
3541 206
3542 207
3543 208
3544 209
3545 210
3546 211
3547 212
3548 213
3549 214
3550 215
3551 216
3552 217
3553 218
3554 219
3555 220
3556 221
3557 222
3558 223
3559 224
3560 225
3561 226
3562 227
3563 228
3564 229
3565 230
3566 231
3567 232
3568 233
3569 234
3570 235
3571 236
3572 237
3573 238
3574 239
3575 240
3576 241
3577 242
3578 243
3579 244
3580 245
3581 246
3582 247
3583 248
3584 249
3585 250
3586 251
3587 252
3588 253
3589 254
3590 255
3591 256
3592 257
3593 258
3594 259
3595 260
3596 261
3597 262
3598 263
3599 264
3600 265
3601 266
3602 267
3603 268
3604 269
3605 270
3606 271
3607 272
3608 273
3609 274
3610 275
3611 276
3612 277
3613 278
3614 279
3615 280
3616 281
3617 282
3618 283
3619 284
3620 285
3621 286
3622 287
3623 288
3624 289
3625 290
3626 291
3627 292
3628 293
3629 294
3630 295
3631 296
3632 297
3633 298
3634 299
starting to search for 265
3635 298
3636 297
3637 296
3638 295
3639 294
3640 293
3641 292
3642 291
3643 290
3644 289
3645 288
3646 287
3647 286
3648 285
3649 284
3650 283
3651 282
3652 281
3653 280
3654 279
3655 278
3656 277
3657 276
3658 275
3659 274
3660 273
3661 272
3662 271
3663 270
3664 269
3665 268
3666 267
3667 266
3668 265
starting to search for 191
3669 264
3670 263
3671 262
3672 261
3673 260
3674 259
3675 258
3676 257
3677 256
3678 255
3679 254
3680 253
3681 252
3682 251
3683 250
3684 249
3685 248
3686 247
3687 246
3688 245
3689 244
3690 243
3691 242
3692 241
3693 240
3694 239
3695 238
3696 237
3697 236
3698 235
3699 234
3700 233
3701 232
3702 231
3703 230
3704 229
3705 228
3706 227
3707 226
3708 225
3709 224
3710 223
3711 222
3712 221
3713 220
3714 219
3715 218
3716 217
3717 216
3718 215
3719 214
3720 213
3721 212
3722 211
3723 210
3724 209
3725 208
3726 207
3727 206
3728 205
3729 204
3730 203
3731 202
3732 201
3733 200
3734 199
3735 198
3736 197
3737 196
3738 195
3739 194
3740 193
3741 192
3742 191
starting to search for 276
3743 192
3744 193
3745 194
3746 195
3747 196
3748 197
3749 198
3750 199
3751 200
3752 201
3753 202
3754 203
3755 204
3756 205
3757 206
3758 207
3759 208
3760 209
3761 210
3762 211
3763 212
3764 213
3765 214
3766 215
3767 216
3768 217
3769 218
3770 219
3771 220
3772 221
3773 222
3774 223
3775 224
3776 225
3777 226
3778 227
3779 228
3780 229
3781 230
3782 231
3783 232
3784 233
3785 234
3786 235
3787 236
3788 237
3789 238
3790 239
3791 240
3792 241
3793 242
3794 243
3795 244
3796 245
3797 246
3798 247
3799 248
3800 249
3801 250
3802 251
3803 252
3804 253
3805 254
3806 255
3807 256
3808 257
3809 258
3810 259
3811 260
3812 261
3813 262
3814 263
3815 264
3816 265
3817 266
3818 267
3819 268
3820 269
3821 270
3822 271
3823 272
3824 273
3825 274
3826 275
3827 276
starting to search for 275
3828 275
starting to search for 155
3829 274
3830 273
3831 272
3832 271
3833 270
3834 269
3835 268
3836 267
3837 266
3838 265
3839 264
3840 263
3841 262
3842 261
3843 260
3844 259
3845 258
3846 257
3847 256
3848 255
3849 254
3850 253
3851 252
3852 251
3853 250
3854 249
3855 248
3856 247
3857 246
3858 245
3859 244
3860 243
3861 242
3862 241
3863 240
3864 239
3865 238
3866 237
3867 236
3868 235
3869 234
3870 233
3871 232
3872 231
3873 230
3874 229
3875 228
3876 227
3877 226
3878 225
3879 224
3880 223
3881 222
3882 221
3883 220
3884 219
3885 218
3886 217
3887 216
3888 215
3889 214
3890 213
3891 212
3892 211
3893 210
3894 209
3895 208
3896 207
3897 206
3898 205
3899 204
3900 203
3901 202
3902 201
3903 200
3904 199
3905 198
3906 197
3907 196
3908 195
3909 194
3910 193
3911 192
3912 191
3913 190
3914 189
3915 188
3916 187
3917 186
3918 185
3919 184
3920 183
3921 182
3922 181
3923 180
3924 179
3925 178
3926 177
3927 176
3928 175
3929 174
3930 173
3931 172
3932 171
3933 170
3934 169
3935 168
3936 167
3937 166
3938 165
3939 164
3940 163
3941 162
3942 161
3943 160
3944 159
3945 158
3946 157
3947 156
3948 155
starting to search for 266
3949 156
3950 157
3951 158
3952 159
3953 160
3954 161
3955 162
3956 163
3957 164
3958 165
3959 166
3960 167
3961 168
3962 169
3963 170
3964 171
3965 172
3966 173
3967 174
3968 175
3969 176
3970 177
3971 178
3972 179
3973 180
3974 181
3975 182
3976 183
3977 184
3978 185
3979 186
3980 187
3981 188
3982 189
3983 190
3984 191
3985 192
3986 193
3987 194
3988 195
3989 196
3990 197
3991 198
3992 199
3993 200
3994 201
3995 202
3996 203
3997 204
3998 205
3999 206
4000 207
4001 208
4002 209
4003 210
4004 211
4005 212
4006 213
4007 214
4008 215
4009 216
4010 217
4011 218
4012 219
4013 220
4014 221
4015 222
4016 223
4017 224
4018 225
4019 226
4020 227
4021 228
4022 229
4023 230
4024 231
4025 232
4026 233
4027 234
4028 235
4029 236
4030 237
4031 238
4032 239
4033 240
4034 241
4035 242
4036 243
4037 244
4038 245
4039 246
4040 247
4041 248
4042 249
4043 250
4044 251
4045 252
4046 253
4047 254
4048 255
4049 256
4050 257
4051 258
4052 259
4053 260
4054 261
4055 262
4056 263
4057 264
4058 265
4059 266
starting to search for 5
4060 265
4061 264
4062 263
4063 262
4064 261
4065 260
4066 259
4067 258
4068 257
4069 256
4070 255
4071 254
4072 253
4073 252
4074 251
4075 250
4076 249
4077 248
4078 247
4079 246
4080 245
4081 244
4082 243
4083 242
4084 241
4085 240
4086 239
4087 238
4088 237
4089 236
4090 235
4091 234
4092 233
4093 232
4094 231
4095 230
4096 229
4097 228
4098 227
4099 226
4100 225
4101 224
4102 223
4103 222
4104 221
4105 220
4106 219
4107 218
4108 217
4109 216
4110 215
4111 214
4112 213
4113 212
4114 211
4115 210
4116 209
4117 208
4118 207
4119 206
4120 205
4121 204
4122 203
4123 202
4124 201
4125 200
4126 199
4127 198
4128 197
4129 196
4130 195
4131 194
4132 193
4133 192
4134 191
4135 190
4136 189
4137 188
4138 187
4139 186
4140 185
4141 184
4142 183
4143 182
4144 181
4145 180
4146 179
4147 178
4148 177
4149 176
4150 175
4151 174
4152 173
4153 172
4154 171
4155 170
4156 169
4157 168
4158 167
4159 166
4160 165
4161 164
4162 163
4163 162
4164 161
4165 160
4166 159
4167 158
4168 157
4169 156
4170 155
4171 154
4172 153
4173 152
4174 151
4175 150
4176 149
4177 148
4178 147
4179 146
4180 145
4181 144
4182 143
4183 142
4184 141
4185 140
4186 139
4187 138
4188 137
4189 136
4190 135
4191 134
4192 133
4193 132
4194 131
4195 130
4196 129
4197 128
4198 127
4199 126
4200 125
4201 124
4202 123
4203 122
4204 121
4205 120
4206 119
4207 118
4208 117
4209 116
4210 115
4211 114
4212 113
4213 112
4214 111
4215 110
4216 109
4217 108
4218 107
4219 106
4220 105
4221 104
4222 103
4223 102
4224 101
4225 100
4226 99
4227 98
4228 97
4229 96
4230 95
4231 94
4232 93
4233 92
4234 91
4235 90
4236 89
4237 88
4238 87
4239 86
4240 85
4241 84
4242 83
4243 82
4244 81
4245 80
4246 79
4247 78
4248 77
4249 76
4250 75
4251 74
4252 73
4253 72
4254 71
4255 70
4256 69
4257 68
4258 67
4259 66
4260 65
4261 64
4262 63
4263 62
4264 61
4265 60
4266 59
4267 58
4268 57
4269 56
4270 55
4271 54
4272 53
4273 52
4274 51
4275 50
4276 49
4277 48
4278 47
4279 46
4280 45
4281 44
4282 43
4283 42
4284 41
4285 40
4286 39
4287 38
4288 37
4289 36
4290 35
4291 34
4292 33
4293 32
4294 31
4295 30
4296 29
4297 28
4298 27
4299 26
4300 25
4301 24
4302 23
4303 22
4304 21
4305 20
4306 19
4307 18
4308 17
4309 16
4310 15
4311 14
4312 13
4313 12
4314 11
4315 10
4316 9
4317 8
4318 7
4319 6
4320 5
starting to search for 149
4321 6
4322 7
4323 8
4324 9
4325 10
4326 11
4327 12
4328 13
4329 14
4330 15
4331 16
4332 17
4333 18
4334 19
4335 20
4336 21
4337 22
4338 23
4339 24
4340 25
4341 26
4342 27
4343 28
4344 29
4345 30
4346 31
4347 32
4348 33
4349 34
4350 35
4351 36
4352 37
4353 38
4354 39
4355 40
4356 41
4357 42
4358 43
4359 44
4360 45
4361 46
4362 47
4363 48
4364 49
4365 50
4366 51
4367 52
4368 53
4369 54
4370 55
4371 56
4372 57
4373 58
4374 59
4375 60
4376 61
4377 62
4378 63
4379 64
4380 65
4381 66
4382 67
4383 68
4384 69
4385 70
4386 71
4387 72
4388 73
4389 74
4390 75
4391 76
4392 77
4393 78
4394 79
4395 80
4396 81
4397 82
4398 83
4399 84
4400 85
4401 86
4402 87
4403 88
4404 89
4405 90
4406 91
4407 92
4408 93
4409 94
4410 95
4411 96
4412 97
4413 98
4414 99
4415 100
4416 101
4417 102
4418 103
4419 104
4420 105
4421 106
4422 107
4423 108
4424 109
4425 110
4426 111
4427 112
4428 113
4429 114
4430 115
4431 116
4432 117
4433 118
4434 119
4435 120
4436 121
4437 122
4438 123
4439 124
4440 125
4441 126
4442 127
4443 128
4444 129
4445 130
4446 131
4447 132
4448 133
4449 134
4450 135
4451 136
4452 137
4453 138
4454 139
4455 140
4456 141
4457 142
4458 143
4459 144
4460 145
4461 146
4462 147
4463 148
4464 149
starting to search for 176
4465 150
4466 151
4467 152
4468 153
4469 154
4470 155
4471 156
4472 157
4473 158
4474 159
4475 160
4476 161
4477 162
4478 163
4479 164
4480 165
4481 166
4482 167
4483 168
4484 169
4485 170
4486 171
4487 172
4488 173
4489 174
4490 175
4491 176
starting to search for 146
4492 175
4493 174
4494 173
4495 172
4496 171
4497 170
4498 169
4499 168
4500 167
4501 166
4502 165
4503 164
4504 163
4505 162
4506 161
4507 160
4508 159
4509 158
4510 157
4511 156
4512 155
4513 154
4514 153
4515 152
4516 151
4517 150
4518 149
4519 148
4520 147
4521 146
starting to search for 222
4522 147
4523 148
4524 149
4525 150
4526 151
4527 152
4528 153
4529 154
4530 155
4531 156
4532 157
4533 158
4534 159
4535 160
4536 161
4537 162
4538 163
4539 164
4540 165
4541 166
4542 167
4543 168
4544 169
4545 170
4546 171
4547 172
4548 173
4549 174
4550 175
4551 176
4552 177
4553 178
4554 179
4555 180
4556 181
4557 182
4558 183
4559 184
4560 185
4561 186
4562 187
4563 188
4564 189
4565 190
4566 191
4567 192
4568 193
4569 194
4570 195
4571 196
4572 197
4573 198
4574 199
4575 200
4576 201
4577 202
4578 203
4579 204
4580 205
4581 206
4582 207
4583 208
4584 209
4585 210
4586 211
4587 212
4588 213
4589 214
4590 215
4591 216
4592 217
4593 218
4594 219
4595 220
4596 221
4597 222
starting to search for 193
4598 221
4599 220
4600 219
4601 218
4602 217
4603 216
4604 215
4605 214
4606 213
4607 212
4608 211
4609 210
4610 209
4611 208
4612 207
4613 206
4614 205
4615 204
4616 203
4617 202
4618 201
4619 200
4620 199
4621 198
4622 197
4623 196
4624 195
4625 194
4626 193
starting to search for 275
4627 194
4628 195
4629 196
4630 197
4631 198
4632 199
4633 200
4634 201
4635 202
4636 203
4637 204
4638 205
4639 206
4640 207
4641 208
4642 209
4643 210
4644 211
4645 212
4646 213
4647 214
4648 215
4649 216
4650 217
4651 218
4652 219
4653 220
4654 221
4655 222
4656 223
4657 224
4658 225
4659 226
4660 227
4661 228
4662 229
4663 230
4664 231
4665 232
4666 233
4667 234
4668 235
4669 236
4670 237
4671 238
4672 239
4673 240
4674 241
4675 242
4676 243
4677 244
4678 245
4679 246
4680 247
4681 248
4682 249
4683 250
4684 251
4685 252
4686 253
4687 254
4688 255
4689 256
4690 257
4691 258
4692 259
4693 260
4694 261
4695 262
4696 263
4697 264
4698 265
4699 266
4700 267
4701 268
4702 269
4703 270
4704 271
4705 272
4706 273
4707 274
4708 275
starting to search for 158
4709 274
4710 273
4711 272
4712 271
4713 270
4714 269
4715 268
4716 267
4717 266
4718 265
4719 264
4720 263
4721 262
4722 261
4723 260
4724 259
4725 258
4726 257
4727 256
4728 255
4729 254
4730 253
4731 252
4732 251
4733 250
4734 249
4735 248
4736 247
4737 246
4738 245
4739 244
4740 243
4741 242
4742 241
4743 240
4744 239
4745 238
4746 237
4747 236
4748 235
4749 234
4750 233
4751 232
4752 231
4753 230
4754 229
4755 228
4756 227
4757 226
4758 225
4759 224
4760 223
4761 222
4762 221
4763 220
4764 219
4765 218
4766 217
4767 216
4768 215
4769 214
4770 213
4771 212
4772 211
4773 210
4774 209
4775 208
4776 207
4777 206
4778 205
4779 204
4780 203
4781 202
4782 201
4783 200
4784 199
4785 198
4786 197
4787 196
4788 195
4789 194
4790 193
4791 192
4792 191
4793 190
4794 189
4795 188
4796 187
4797 186
4798 185
4799 184
4800 183
4801 182
4802 181
4803 180
4804 179
4805 178
4806 177
4807 176
4808 175
4809 174
4810 173
4811 172
4812 171
4813 170
4814 169
4815 168
4816 167
4817 166
4818 165
4819 164
4820 163
4821 162
4822 161
4823 160
4824 159
4825 158
starting to search for 3
4826 157
4827 156
4828 155
4829 154
4830 153
4831 152
4832 151
4833 150
4834 149
4835 148
4836 147
4837 146
4838 145
4839 144
4840 143
4841 142
4842 141
4843 140
4844 139
4845 138
4846 137
4847 136
4848 135
4849 134
4850 133
4851 132
4852 131
4853 130
4854 129
4855 128
4856 127
4857 126
4858 125
4859 124
4860 123
4861 122
4862 121
4863 120
4864 119
4865 118
4866 117
4867 116
4868 115
4869 114
4870 113
4871 112
4872 111
4873 110
4874 109
4875 108
4876 107
4877 106
4878 105
4879 104
4880 103
4881 102
4882 101
4883 100
4884 99
4885 98
4886 97
4887 96
4888 95
4889 94
4890 93
4891 92
4892 91
4893 90
4894 89
4895 88
4896 87
4897 86
4898 85
4899 84
4900 83
4901 82
4902 81
4903 80
4904 79
4905 78
4906 77
4907 76
4908 75
4909 74
4910 73
4911 72
4912 71
4913 70
4914 69
4915 68
4916 67
4917 66
4918 65
4919 64
4920 63
4921 62
4922 61
4923 60
4924 59
4925 58
4926 57
4927 56
4928 55
4929 54
4930 53
4931 52
4932 51
4933 50
4934 49
4935 48
4936 47
4937 46
4938 45
4939 44
4940 43
4941 42
4942 41
4943 40
4944 39
4945 38
4946 37
4947 36
4948 35
4949 34
4950 33
4951 32
4952 31
4953 30
4954 29
4955 28
4956 27
4957 26
4958 25
4959 24
4960 23
4961 22
4962 21
4963 20
4964 19
4965 18
4966 17
4967 16
4968 15
4969 14
4970 13
4971 12
4972 11
4973 10
4974 9
4975 8
4976 7
4977 6
4978 5
4979 4
4980 3
starting to search for 132
4981 4
4982 5
4983 6
4984 7
4985 8
4986 9
4987 10
4988 11
4989 12
4990 13
4991 14
4992 15
4993 16
4994 17
4995 18
4996 19
4997 20
4998 21
4999 22
5000 23
5001 24
5002 25
5003 26
5004 27
5005 28
5006 29
5007 30
5008 31
5009 32
5010 33
5011 34
5012 35
5013 36
5014 37
5015 38
5016 39
5017 40
5018 41
5019 42
5020 43
5021 44
5022 45
5023 46
5024 47
5025 48
5026 49
5027 50
5028 51
5029 52
5030 53
5031 54
5032 55
5033 56
5034 57
5035 58
5036 59
5037 60
5038 61
5039 62
5040 63
5041 64
5042 65
5043 66
5044 67
5045 68
5046 69
5047 70
5048 71
5049 72
5050 73
5051 74
5052 75
5053 76
5054 77
5055 78
5056 79
5057 80
5058 81
5059 82
5060 83
5061 84
5062 85
5063 86
5064 87
5065 88
5066 89
5067 90
5068 91
5069 92
5070 93
5071 94
5072 95
5073 96
5074 97
5075 98
5076 99
5077 100
5078 101
5079 102
5080 103
5081 104
5082 105
5083 106
5084 107
5085 108
5086 109
5087 110
5088 111
5089 112
5090 113
5091 114
5092 115
5093 116
5094 117
5095 118
5096 119
5097 120
5098 121
5099 122
5100 123
5101 124
5102 125
5103 126
5104 127
5105 128
5106 129
5107 130
5108 131
5109 132
starting to search for 4
5110 131
5111 130
5112 129
5113 128
5114 127
5115 126
5116 125
5117 124
5118 123
5119 122
5120 121
5121 120
5122 119
5123 118
5124 117
5125 116
5126 115
5127 114
5128 113
5129 112
5130 111
5131 110
5132 109
5133 108
5134 107
5135 106
5136 105
5137 104
5138 103
5139 102
5140 101
5141 100
5142 99
5143 98
5144 97
5145 96
5146 95
5147 94
5148 93
5149 92
5150 91
5151 90
5152 89
5153 88
5154 87
5155 86
5156 85
5157 84
5158 83
5159 82
5160 81
5161 80
5162 79
5163 78
5164 77
5165 76
5166 75
5167 74
5168 73
5169 72
5170 71
5171 70
5172 69
5173 68
5174 67
5175 66
5176 65
5177 64
5178 63
5179 62
5180 61
5181 60
5182 59
5183 58
5184 57
5185 56
5186 55
5187 54
5188 53
5189 52
5190 51
5191 50
5192 49
5193 48
5194 47
5195 46
5196 45
5197 44
5198 43
5199 42
5200 41
5201 40
5202 39
5203 38
5204 37
5205 36
5206 35
5207 34
5208 33
5209 32
5210 31
5211 30
5212 29
5213 28
5214 27
5215 26
5216 25
5217 24
5218 23
5219 22
5220 21
5221 20
5222 19
5223 18
5224 17
5225 16
5226 15
5227 14
5228 13
5229 12
5230 11
5231 10
5232 9
5233 8
5234 7
5235 6
5236 5
5237 4
starting to search for 163
5238 5
5239 6
5240 7
5241 8
5242 9
5243 10
5244 11
5245 12
5246 13
5247 14
5248 15
5249 16
5250 17
5251 18
5252 19
5253 20
5254 21
5255 22
5256 23
5257 24
5258 25
5259 26
5260 27
5261 28
5262 29
5263 30
5264 31
5265 32
5266 33
5267 34
5268 35
5269 36
5270 37
5271 38
5272 39
5273 40
5274 41
5275 42
5276 43
5277 44
5278 45
5279 46
5280 47
5281 48
5282 49
5283 50
5284 51
5285 52
5286 53
5287 54
5288 55
5289 56
5290 57
5291 58
5292 59
5293 60
5294 61
5295 62
5296 63
5297 64
5298 65
5299 66
5300 67
5301 68
5302 69
5303 70
5304 71
5305 72
5306 73
5307 74
5308 75
5309 76
5310 77
5311 78
5312 79
5313 80
5314 81
5315 82
5316 83
5317 84
5318 85
5319 86
5320 87
5321 88
5322 89
5323 90
5324 91
5325 92
5326 93
5327 94
5328 95
5329 96
5330 97
5331 98
5332 99
5333 100
5334 101
5335 102
5336 103
5337 104
5338 105
5339 106
5340 107
5341 108
5342 109
5343 110
5344 111
5345 112
5346 113
5347 114
5348 115
5349 116
5350 117
5351 118
5352 119
5353 120
5354 121
5355 122
5356 123
5357 124
5358 125
5359 126
5360 127
5361 128
5362 129
5363 130
5364 131
5365 132
5366 133
5367 134
5368 135
5369 136
5370 137
5371 138
5372 139
5373 140
5374 141
5375 142
5376 143
5377 144
5378 145
5379 146
5380 147
5381 148
5382 149
5383 150
5384 151
5385 152
5386 153
5387 154
5388 155
5389 156
5390 157
5391 158
5392 159
5393 160
5394 161
5395 162
5396 163
starting to search for 155
5397 162
5398 161
5399 160
5400 159
5401 158
5402 157
5403 156
5404 155
starting to search for 82
5405 154
5406 153
5407 152
5408 151
5409 150
5410 149
5411 148
5412 147
5413 146
5414 145
5415 144
5416 143
5417 142
5418 141
5419 140
5420 139
5421 138
5422 137
5423 136
5424 135
5425 134
5426 133
5427 132
5428 131
5429 130
5430 129
5431 128
5432 127
5433 126
5434 125
5435 124
5436 123
5437 122
5438 121
5439 120
5440 119
5441 118
5442 117
5443 116
5444 115
5445 114
5446 113
5447 112
5448 111
5449 110
5450 109
5451 108
5452 107
5453 106
5454 105
5455 104
5456 103
5457 102
5458 101
5459 100
5460 99
5461 98
5462 97
5463 96
5464 95
5465 94
5466 93
5467 92
5468 91
5469 90
5470 89
5471 88
5472 87
5473 86
5474 85
5475 84
5476 83
5477 82
starting to search for 49
5478 81
5479 80
5480 79
5481 78
5482 77
5483 76
5484 75
5485 74
5486 73
5487 72
5488 71
5489 70
5490 69
5491 68
5492 67
5493 66
5494 65
5495 64
5496 63
5497 62
5498 61
5499 60
5500 59
5501 58
5502 57
5503 56
5504 55
5505 54
5506 53
5507 52
5508 51
5509 50
5510 49
starting to search for 43
5511 48
5512 47
5513 46
5514 45
5515 44
5516 43
starting to search for 237
5517 44
5518 45
5519 46
5520 47
5521 48
5522 49
5523 50
5524 51
5525 52
5526 53
5527 54
5528 55
5529 56
5530 57
5531 58
5532 59
5533 60
5534 61
5535 62
5536 63
5537 64
5538 65
5539 66
5540 67
5541 68
5542 69
5543 70
5544 71
5545 72
5546 73
5547 74
5548 75
5549 76
5550 77
5551 78
5552 79
5553 80
5554 81
5555 82
5556 83
5557 84
5558 85
5559 86
5560 87
5561 88
5562 89
5563 90
5564 91
5565 92
5566 93
5567 94
5568 95
5569 96
5570 97
5571 98
5572 99
5573 100
5574 101
5575 102
5576 103
5577 104
5578 105
5579 106
5580 107
5581 108
5582 109
5583 110
5584 111
5585 112
5586 113
5587 114
5588 115
5589 116
5590 117
5591 118
5592 119
5593 120
5594 121
5595 122
5596 123
5597 124
5598 125
5599 126
5600 127
5601 128
5602 129
5603 130
5604 131
5605 132
5606 133
5607 134
5608 135
5609 136
5610 137
5611 138
5612 139
5613 140
5614 141
5615 142
5616 143
5617 144
5618 145
5619 146
5620 147
5621 148
5622 149
5623 150
5624 151
5625 152
5626 153
5627 154
5628 155
5629 156
5630 157
5631 158
5632 159
5633 160
5634 161
5635 162
5636 163
5637 164
5638 165
5639 166
5640 167
5641 168
5642 169
5643 170
5644 171
5645 172
5646 173
5647 174
5648 175
5649 176
5650 177
5651 178
5652 179
5653 180
5654 181
5655 182
5656 183
5657 184
5658 185
5659 186
5660 187
5661 188
5662 189
5663 190
5664 191
5665 192
5666 193
5667 194
5668 195
5669 196
5670 197
5671 198
5672 199
5673 200
5674 201
5675 202
5676 203
5677 204
5678 205
5679 206
5680 207
5681 208
5682 209
5683 210
5684 211
5685 212
5686 213
5687 214
5688 215
5689 216
5690 217
5691 218
5692 219
5693 220
5694 221
5695 222
5696 223
5697 224
5698 225
5699 226
5700 227
5701 228
5702 229
5703 230
5704 231
5705 232
5706 233
5707 234
5708 235
5709 236
5710 237
starting to search for 48
5711 236
5712 235
5713 234
5714 233
5715 232
5716 231
5717 230
5718 229
5719 228
5720 227
5721 226
5722 225
5723 224
5724 223
5725 222
5726 221
5727 220
5728 219
5729 218
5730 217
5731 216
5732 215
5733 214
5734 213
5735 212
5736 211
5737 210
5738 209
5739 208
5740 207
5741 206
5742 205
5743 204
5744 203
5745 202
5746 201
5747 200
5748 199
5749 198
5750 197
5751 196
5752 195
5753 194
5754 193
5755 192
5756 191
5757 190
5758 189
5759 188
5760 187
5761 186
5762 185
5763 184
5764 183
5765 182
5766 181
5767 180
5768 179
5769 178
5770 177
5771 176
5772 175
5773 174
5774 173
5775 172
5776 171
5777 170
5778 169
5779 168
5780 167
5781 166
5782 165
5783 164
5784 163
5785 162
5786 161
5787 160
5788 159
5789 158
5790 157
5791 156
5792 155
5793 154
5794 153
5795 152
5796 151
5797 150
5798 149
5799 148
5800 147
5801 146
5802 145
5803 144
5804 143
5805 142
5806 141
5807 140
5808 139
5809 138
5810 137
5811 136
5812 135
5813 134
5814 133
5815 132
5816 131
5817 130
5818 129
5819 128
5820 127
5821 126
5822 125
5823 124
5824 123
5825 122
5826 121
5827 120
5828 119
5829 118
5830 117
5831 116
5832 115
5833 114
5834 113
5835 112
5836 111
5837 110
5838 109
5839 108
5840 107
5841 106
5842 105
5843 104
5844 103
5845 102
5846 101
5847 100
5848 99
5849 98
5850 97
5851 96
5852 95
5853 94
5854 93
5855 92
5856 91
5857 90
5858 89
5859 88
5860 87
5861 86
5862 85
5863 84
5864 83
5865 82
5866 81
5867 80
5868 79
5869 78
5870 77
5871 76
5872 75
5873 74
5874 73
5875 72
5876 71
5877 70
5878 69
5879 68
5880 67
5881 66
5882 65
5883 64
5884 63
5885 62
5886 61
5887 60
5888 59
5889 58
5890 57
5891 56
5892 55
5893 54
5894 53
5895 52
5896 51
5897 50
5898 49
5899 48
starting to search for 86
5900 49
5901 50
5902 51
5903 52
5904 53
5905 54
5906 55
5907 56
5908 57
5909 58
5910 59
5911 60
5912 61
5913 62
5914 63
5915 64
5916 65
5917 66
5918 67
5919 68
5920 69
5921 70
5922 71
5923 72
5924 73
5925 74
5926 75
5927 76
5928 77
5929 78
5930 79
5931 80
5932 81
5933 82
5934 83
5935 84
5936 85
5937 86
starting to search for 210
5938 87
5939 88
5940 89
5941 90
5942 91
5943 92
5944 93
5945 94
5946 95
5947 96
5948 97
5949 98
5950 99
5951 100
5952 101
5953 102
5954 103
5955 104
5956 105
5957 106
5958 107
5959 108
5960 109
5961 110
5962 111
5963 112
5964 113
5965 114
5966 115
5967 116
5968 117
5969 118
5970 119
5971 120
5972 121
5973 122
5974 123
5975 124
5976 125
5977 126
5978 127
5979 128
5980 129
5981 130
5982 131
5983 132
5984 133
5985 134
5986 135
5987 136
5988 137
5989 138
5990 139
5991 140
5992 141
5993 142
5994 143
5995 144
5996 145
5997 146
5998 147
5999 148
6000 149
6001 150
6002 151
6003 152
6004 153
6005 154
6006 155
6007 156
6008 157
6009 158
6010 159
6011 160
6012 161
6013 162
6014 163
6015 164
6016 165
6017 166
6018 167
6019 168
6020 169
6021 170
6022 171
6023 172
6024 173
6025 174
6026 175
6027 176
6028 177
6029 178
6030 179
6031 180
6032 181
6033 182
6034 183
6035 184
6036 185
6037 186
6038 187
6039 188
6040 189
6041 190
6042 191
6043 192
6044 193
6045 194
6046 195
6047 196
6048 197
6049 198
6050 199
6051 200
6052 201
6053 202
6054 203
6055 204
6056 205
6057 206
6058 207
6059 208
6060 209
6061 210
starting to search for 299
6062 211
6063 212
6064 213
6065 214
6066 215
6067 216
6068 217
6069 218
6070 219
6071 220
6072 221
6073 222
6074 223
6075 224
6076 225
6077 226
6078 227
6079 228
6080 229
6081 230
6082 231
6083 232
6084 233
6085 234
6086 235
6087 236
6088 237
6089 238
6090 239
6091 240
6092 241
6093 242
6094 243
6095 244
6096 245
6097 246
6098 247
6099 248
6100 249
6101 250
6102 251
6103 252
6104 253
6105 254
6106 255
6107 256
6108 257
6109 258
6110 259
6111 260
6112 261
6113 262
6114 263
6115 264
6116 265
6117 266
6118 267
6119 268
6120 269
6121 270
6122 271
6123 272
6124 273
6125 274
6126 275
6127 276
6128 277
6129 278
6130 279
6131 280
6132 281
6133 282
6134 283
6135 284
6136 285
6137 286
6138 287
6139 288
6140 289
6141 290
6142 291
6143 292
6144 293
6145 294
6146 295
6147 296
6148 297
6149 298
6150 299
starting to search for 227
6151 298
6152 297
6153 296
6154 295
6155 294
6156 293
6157 292
6158 291
6159 290
6160 289
6161 288
6162 287
6163 286
6164 285
6165 284
6166 283
6167 282
6168 281
6169 280
6170 279
6171 278
6172 277
6173 276
6174 275
6175 274
6176 273
6177 272
6178 271
6179 270
6180 269
6181 268
6182 267
6183 266
6184 265
6185 264
6186 263
6187 262
6188 261
6189 260
6190 259
6191 258
6192 257
6193 256
6194 255
6195 254
6196 253
6197 252
6198 251
6199 250
6200 249
6201 248
6202 247
6203 246
6204 245
6205 244
6206 243
6207 242
6208 241
6209 240
6210 239
6211 238
6212 237
6213 236
6214 235
6215 234
6216 233
6217 232
6218 231
6219 230
6220 229
6221 228
6222 227
starting to search for 248
6223 228
6224 229
6225 230
6226 231
6227 232
6228 233
6229 234
6230 235
6231 236
6232 237
6233 238
6234 239
6235 240
6236 241
6237 242
6238 243
6239 244
6240 245
6241 246
6242 247
6243 248
starting to search for 204
6244 247
6245 246
6246 245
6247 244
6248 243
6249 242
6250 241
6251 240
6252 239
6253 238
6254 237
6255 236
6256 235
6257 234
6258 233
6259 232
6260 231
6261 230
6262 229
6263 228
6264 227
6265 226
6266 225
6267 224
6268 223
6269 222
6270 221
6271 220
6272 219
6273 218
6274 217
6275 216
6276 215
6277 214
6278 213
6279 212
6280 211
6281 210
6282 209
6283 208
6284 207
6285 206
6286 205
6287 204
starting to search for 240
6288 205
6289 206
6290 207
6291 208
6292 209
6293 210
6294 211
6295 212
6296 213
6297 214
6298 215
6299 216
6300 217
6301 218
6302 219
6303 220
6304 221
6305 222
6306 223
6307 224
6308 225
6309 226
6310 227
6311 228
6312 229
6313 230
6314 231
6315 232
6316 233
6317 234
6318 235
6319 236
6320 237
6321 238
6322 239
6323 240
starting to search for 110
6324 239
6325 238
6326 237
6327 236
6328 235
6329 234
6330 233
6331 232
6332 231
6333 230
6334 229
6335 228
6336 227
6337 226
6338 225
6339 224
6340 223
6341 222
6342 221
6343 220
6344 219
6345 218
6346 217
6347 216
6348 215
6349 214
6350 213
6351 212
6352 211
6353 210
6354 209
6355 208
6356 207
6357 206
6358 205
6359 204
6360 203
6361 202
6362 201
6363 200
6364 199
6365 198
6366 197
6367 196
6368 195
6369 194
6370 193
6371 192
6372 191
6373 190
6374 189
6375 188
6376 187
6377 186
6378 185
6379 184
6380 183
6381 182
6382 181
6383 180
6384 179
6385 178
6386 177
6387 176
6388 175
6389 174
6390 173
6391 172
6392 171
6393 170
6394 169
6395 168
6396 167
6397 166
6398 165
6399 164
6400 163
6401 162
6402 161
6403 160
6404 159
6405 158
6406 157
6407 156
6408 155
6409 154
6410 153
6411 152
6412 151
6413 150
6414 149
6415 148
6416 147
6417 146
6418 145
6419 144
6420 143
6421 142
6422 141
6423 140
6424 139
6425 138
6426 137
6427 136
6428 135
6429 134
6430 133
6431 132
6432 131
6433 130
6434 129
6435 128
6436 127
6437 126
6438 125
6439 124
6440 123
6441 122
6442 121
6443 120
6444 119
6445 118
6446 117
6447 116
6448 115
6449 114
6450 113
6451 112
6452 111
6453 110
starting to search for 39
6454 109
6455 108
6456 107
6457 106
6458 105
6459 104
6460 103
6461 102
6462 101
6463 100
6464 99
6465 98
6466 97
6467 96
6468 95
6469 94
6470 93
6471 92
6472 91
6473 90
6474 89
6475 88
6476 87
6477 86
6478 85
6479 84
6480 83
6481 82
6482 81
6483 80
6484 79
6485 78
6486 77
6487 76
6488 75
6489 74
6490 73
6491 72
6492 71
6493 70
6494 69
6495 68
6496 67
6497 66
6498 65
6499 64
6500 63
6501 62
6502 61
6503 60
6504 59
6505 58
6506 57
6507 56
6508 55
6509 54
6510 53
6511 52
6512 51
6513 50
6514 49
6515 48
6516 47
6517 46
6518 45
6519 44
6520 43
6521 42
6522 41
6523 40
6524 39
starting to search for 112
6525 40
6526 41
6527 42
6528 43
6529 44
6530 45
6531 46
6532 47
6533 48
6534 49
6535 50
6536 51
6537 52
6538 53
6539 54
6540 55
6541 56
6542 57
6543 58
6544 59
6545 60
6546 61
6547 62
6548 63
6549 64
6550 65
6551 66
6552 67
6553 68
6554 69
6555 70
6556 71
6557 72
6558 73
6559 74
6560 75
6561 76
6562 77
6563 78
6564 79
6565 80
6566 81
6567 82
6568 83
6569 84
6570 85
6571 86
6572 87
6573 88
6574 89
6575 90
6576 91
6577 92
6578 93
6579 94
6580 95
6581 96
6582 97
6583 98
6584 99
6585 100
6586 101
6587 102
6588 103
6589 104
6590 105
6591 106
6592 107
6593 108
6594 109
6595 110
6596 111
6597 112
starting to search for 173
6598 113
6599 114
6600 115
6601 116
6602 117
6603 118
6604 119
6605 120
6606 121
6607 122
6608 123
6609 124
6610 125
6611 126
6612 127
6613 128
6614 129
6615 130
6616 131
6617 132
6618 133
6619 134
6620 135
6621 136
6622 137
6623 138
6624 139
6625 140
6626 141
6627 142
6628 143
6629 144
6630 145
6631 146
6632 147
6633 148
6634 149
6635 150
6636 151
6637 152
6638 153
6639 154
6640 155
6641 156
6642 157
6643 158
6644 159
6645 160
6646 161
6647 162
6648 163
6649 164
6650 165
6651 166
6652 167
6653 168
6654 169
6655 170
6656 171
6657 172
6658 173
starting to search for 214
6659 174
6660 175
6661 176
6662 177
6663 178
6664 179
6665 180
6666 181
6667 182
6668 183
6669 184
6670 185
6671 186
6672 187
6673 188
6674 189
6675 190
6676 191
6677 192
6678 193
6679 194
6680 195
6681 196
6682 197
6683 198
6684 199
6685 200
6686 201
6687 202
6688 203
6689 204
6690 205
6691 206
6692 207
6693 208
6694 209
6695 210
6696 211
6697 212
6698 213
6699 214
starting to search for 218
6700 215
6701 216
6702 217
6703 218
starting to search for 94
6704 217
6705 216
6706 215
6707 214
6708 213
6709 212
6710 211
6711 210
6712 209
6713 208
6714 207
6715 206
6716 205
6717 204
6718 203
6719 202
6720 201
6721 200
6722 199
6723 198
6724 197
6725 196
6726 195
6727 194
6728 193
6729 192
6730 191
6731 190
6732 189
6733 188
6734 187
6735 186
6736 185
6737 184
6738 183
6739 182
6740 181
6741 180
6742 179
6743 178
6744 177
6745 176
6746 175
6747 174
6748 173
6749 172
6750 171
6751 170
6752 169
6753 168
6754 167
6755 166
6756 165
6757 164
6758 163
6759 162
6760 161
6761 160
6762 159
6763 158
6764 157
6765 156
6766 155
6767 154
6768 153
6769 152
6770 151
6771 150
6772 149
6773 148
6774 147
6775 146
6776 145
6777 144
6778 143
6779 142
6780 141
6781 140
6782 139
6783 138
6784 137
6785 136
6786 135
6787 134
6788 133
6789 132
6790 131
6791 130
6792 129
6793 128
6794 127
6795 126
6796 125
6797 124
6798 123
6799 122
6800 121
6801 120
6802 119
6803 118
6804 117
6805 116
6806 115
6807 114
6808 113
6809 112
6810 111
6811 110
6812 109
6813 108
6814 107
6815 106
6816 105
6817 104
6818 103
6819 102
6820 101
6821 100
6822 99
6823 98
6824 97
6825 96
6826 95
6827 94
starting to search for 198
6828 95
6829 96
6830 97
6831 98
6832 99
6833 100
6834 101
6835 102
6836 103
6837 104
6838 105
6839 106
6840 107
6841 108
6842 109
6843 110
6844 111
6845 112
6846 113
6847 114
6848 115
6849 116
6850 117
6851 118
6852 119
6853 120
6854 121
6855 122
6856 123
6857 124
6858 125
6859 126
6860 127
6861 128
6862 129
6863 130
6864 131
6865 132
6866 133
6867 134
6868 135
6869 136
6870 137
6871 138
6872 139
6873 140
6874 141
6875 142
6876 143
6877 144
6878 145
6879 146
6880 147
6881 148
6882 149
6883 150
6884 151
6885 152
6886 153
6887 154
6888 155
6889 156
6890 157
6891 158
6892 159
6893 160
6894 161
6895 162
6896 163
6897 164
6898 165
6899 166
6900 167
6901 168
6902 169
6903 170
6904 171
6905 172
6906 173
6907 174
6908 175
6909 176
6910 177
6911 178
6912 179
6913 180
6914 181
6915 182
6916 183
6917 184
6918 185
6919 186
6920 187
6921 188
6922 189
6923 190
6924 191
6925 192
6926 193
6927 194
6928 195
6929 196
6930 197
6931 198
starting to search for 145
6932 197
6933 196
6934 195
6935 194
6936 193
6937 192
6938 191
6939 190
6940 189
6941 188
6942 187
6943 186
6944 185
6945 184
6946 183
6947 182
6948 181
6949 180
6950 179
6951 178
6952 177
6953 176
6954 175
6955 174
6956 173
6957 172
6958 171
6959 170
6960 169
6961 168
6962 167
6963 166
6964 165
6965 164
6966 163
6967 162
6968 161
6969 160
6970 159
6971 158
6972 157
6973 156
6974 155
6975 154
6976 153
6977 152
6978 151
6979 150
6980 149
6981 148
6982 147
6983 146
6984 145
starting to search for 243
6985 146
6986 147
6987 148
6988 149
6989 150
6990 151
6991 152
6992 153
6993 154
6994 155
6995 156
6996 157
6997 158
6998 159
6999 160
7000 161
7001 162
7002 163
7003 164
7004 165
7005 166
7006 167
7007 168
7008 169
7009 170
7010 171
7011 172
7012 173
7013 174
7014 175
7015 176
7016 177
7017 178
7018 179
7019 180
7020 181
7021 182
7022 183
7023 184
7024 185
7025 186
7026 187
7027 188
7028 189
7029 190
7030 191
7031 192
7032 193
7033 194
7034 195
7035 196
7036 197
7037 198
7038 199
7039 200
7040 201
7041 202
7042 203
7043 204
7044 205
7045 206
7046 207
7047 208
7048 209
7049 210
7050 211
7051 212
7052 213
7053 214
7054 215
7055 216
7056 217
7057 218
7058 219
7059 220
7060 221
7061 222
7062 223
7063 224
7064 225
7065 226
7066 227
7067 228
7068 229
7069 230
7070 231
7071 232
7072 233
7073 234
7074 235
7075 236
7076 237
7077 238
7078 239
7079 240
7080 241
7081 242
7082 243
starting to search for 236
7083 242
7084 241
7085 240
7086 239
7087 238
7088 237
7089 236
starting to search for 146
7090 235
7091 234
7092 233
7093 232
7094 231
7095 230
7096 229
7097 228
7098 227
7099 226
7100 225
7101 224
7102 223
7103 222
7104 221
7105 220
7106 219
7107 218
7108 217
7109 216
7110 215
7111 214
7112 213
7113 212
7114 211
7115 210
7116 209
7117 208
7118 207
7119 206
7120 205
7121 204
7122 203
7123 202
7124 201
7125 200
7126 199
7127 198
7128 197
7129 196
7130 195
7131 194
7132 193
7133 192
7134 191
7135 190
7136 189
7137 188
7138 187
7139 186
7140 185
7141 184
7142 183
7143 182
7144 181
7145 180
7146 179
7147 178
7148 177
7149 176
7150 175
7151 174
7152 173
7153 172
7154 171
7155 170
7156 169
7157 168
7158 167
7159 166
7160 165
7161 164
7162 163
7163 162
7164 161
7165 160
7166 159
7167 158
7168 157
7169 156
7170 155
7171 154
7172 153
7173 152
7174 151
7175 150
7176 149
7177 148
7178 147
7179 146
    0:     1     1   206
    1:    63   206   274
    2:    97   274   406
    3:   111   406   434
    4:   113   434   536
    5:   149   536   751
    6:   181   751  1005
    7:   187  1005  1133
    8:   211  1133  1195
    9:   273  1195  1258
   10:   290  1258  1553
   11:   298  1553  1705
   12:   301  1705  1759
   13:   323  1759  1852
   14:   336  1852  2057
   15:   365  2057  2101
   16:   370  2101  2105
   17:   423  2105  2164
   18:   461  2164  2181
   19:   477  2181  2268
   20:   478  2268  2346
   21:   487  2346  2418
   22:   491  2418  2561
   23:   507  2561  2636
   24:   541  2636  2746
   25:   579  2746  2795
   26:   592  2795  2851
   27:   625  2851  2991
   28:   657  2991  3051
   29:   675  3051  3085
   30:   699  3085  3102
   31:   721  3102  3303
   32:   748  3303  3385
   33:   749  3385  3421
   34:   794  3421  3446
   35:   852  3446  3539
   36:   862  3539  3634
   37:   905  3634  3668
   38:   921  3668  3742
   39:   946  3742  3827
   40:   960  3827  3828
   41:   970  3828  3948
   42:   996  3948  4059
   43:  1003  4059  4320
   44:  1016  4320  4464
   45:  1041  4464  4491
   46:  1045  4491  4521
   47:  1050  4521  4597
   48:  1069  4597  4626
   49:  1091  4626  4708
   50:  1118  4708  4825
   51:  1140  4825  4980
   52:  1158  4980  5109
   53:  1210  5109  5237
   54:  1212  5237  5396
   55:  1273  5396  5404
   56:  1288  5404  5477
   57:  1291  5477  5510
   58:  1298  5510  5516
   59:  1318  5516  5710
   60:  1357  5710  5899
   61:  1425  5899  5937
   62:  1435  5937  6061
   63:  1478  6061  6150
   64:  1486  6150  6222
   65:  1520  6222  6243
   66:  1523  6243  6287
   67:  1532  6287  6323
   68:  1554  6323  6453
   69:  1603  6453  6524
   70:  1611  6524  6597
   71:  1632  6597  6658
   72:  1646  6658  6699
   73:  1678  6699  6703
   74:  1724  6703  6827
   75:  1742  6827  6931
   76:  1757  6931  6984
   77:  1823  6984  7082
   78:  1828  7082  7089
   79:  1869  7089  7179
